1654680166.524186 0.0000000 0.0000000 0.0000000 -0.0000000 -0.0000000 -0.0000000 1.0000000
1654680168.374862 0.0001351 -0.0034997 -0.0010192 -0.0014290 0.0008310 -0.0004579 0.9999985
1654680168.573408 0.0001020 -0.0036967 -0.0010317 -0.0013531 0.0011464 -0.0003174 0.9999984
1654680169.473702 0.0001596 -0.0053893 -0.0016119 -0.0020340 0.0011584 -0.0005004 0.9999971
1654680169.573603 0.0001835 -0.0054773 -0.0015098 -0.0021010 0.0011306 -0.0002610 0.9999971
1654680170.624036 0.0002937 -0.0072400 -0.0021524 -0.0026789 0.0016881 -0.0005376 0.9999949
1654680172.073824 0.0003910 -0.0082004 -0.0020627 -0.0035243 0.0016085 0.0003539 0.9999925
1654680172.824140 0.0003825 -0.0082219 -0.0022071 -0.0039831 0.0021422 -0.0000835 0.9999898
1654680172.974186 0.0003754 -0.0081822 -0.0022357 -0.0048106 0.0021691 -0.0008622 0.9999857
1654680173.573876 0.0003520 -0.0074735 -0.0019377 -0.0067204 0.0018929 -0.0004160 0.9999756
1654680173.623423 0.0003301 -0.0073325 -0.0017991 -0.0071549 0.0023895 -0.0011928 0.9999709
1654680174.223131 0.0002962 -0.0063227 -0.0014388 -0.0075391 0.0017645 -0.0005862 0.9999699
1654680174.323132 0.0003090 -0.0061901 -0.0015055 -0.0080746 0.0016915 -0.0005960 0.9999658
1654680176.273485 0.0001207 -0.0023047 -0.0002281 -0.0073012 0.0007994 -0.0001392 0.9999730
1654680177.373977 0.0000400 0.0001812 0.0004222 -0.0064933 0.0001555 0.0001639 0.9999789
1654680178.174071 -0.0001069 0.0019723 0.0010313 -0.0055166 -0.0001632 0.0002728 0.9999847
1654680180.674297 -0.0005690 0.0071856 0.0027343 -0.0035890 -0.0009517 -0.0000050 0.9999931
1654680181.822522 -0.0006024 0.0073085 0.0026871 -0.0022887 -0.0013225 0.0000527 0.9999965
1654680184.972744 0.0014016 0.0075439 0.0029967 -0.0029929 0.0069044 -0.0001714 0.9999717
1654680186.274285 0.0060152 0.0078898 0.0036768 -0.0041544 0.0260173 0.0013718 0.9996520
1654680186.874141 0.0088951 0.0079684 0.0038214 -0.0047861 0.0378730 0.0019324 0.9992692
1654680187.024161 0.0095924 0.0079926 0.0039089 -0.0047101 0.0407888 0.0025323 0.9991535
1654680187.724185 0.0133035 0.0082295 0.0039537 -0.0052532 0.0553595 0.0039843 0.9984447
1654680188.174182 0.0156589 0.0083618 0.0040107 -0.0061239 0.0646366 0.0045309 0.9978798
1654680188.824129 0.0191917 0.0085930 0.0040779 -0.0067321 0.0788211 0.0057723 0.9968494
1654680189.023935 0.0201559 0.0086286 0.0039342 -0.0069288 0.0834576 0.0054799 0.9964722
1654680189.673146 0.0236881 0.0087961 0.0038572 -0.0079213 0.0968024 0.0067304 0.9952493
1654680189.823697 0.0245427 0.0088445 0.0038079 -0.0082487 0.1001390 0.0069851 0.9949148
1654680189.973500 0.0253073 0.0088663 0.0036920 -0.0081594 0.1032419 0.0070341 0.9945979
1654680190.073535 0.0257167 0.0088840 0.0035780 -0.0081964 0.1053247 0.0071800 0.9943782
1654680190.524249 0.0281336 0.0090105 0.0033516 -0.0088609 0.1148213 0.0081402 0.9933133
1654680191.122846 0.0312790 0.0092383 0.0032324 -0.0095356 0.1271228 0.0088532 0.9918017
1654680191.674561 0.0341641 0.0094922 0.0027841 -0.0100588 0.1387906 0.0097842 0.9902223
1654680191.824087 0.0349389 0.0094667 0.0027356 -0.0102687 0.1418330 0.0096448 0.9897904
1654680191.924212 0.0354092 0.0094910 0.0025279 -0.0104320 0.1437831 0.0097852 0.9895059
1654680192.474038 0.0380570 0.0096929 0.0020486 -0.0110735 0.1553075 0.0108131 0.9877449
1654680193.274867 0.0422797 0.0101418 0.0014499 -0.0119244 0.1715983 0.0119277 0.9850226
1654680193.324895 0.0424056 0.0101326 0.0014040 -0.0120064 0.1730879 0.0117468 0.9847631
1654680193.574594 0.0437365 0.0101994 0.0010216 -0.0120396 0.1777628 0.0123167 0.9839226
1654680193.774362 0.0447594 0.0102607 0.0007542 -0.0125512 0.1816011 0.0124881 0.9832129
1654680193.873524 0.0453879 0.0103321 0.0006424 -0.0125813 0.1836898 0.0126851 0.9828219
1654680193.923070 0.0454386 0.0103248 0.0005485 -0.0127965 0.1848344 0.0124052 0.9826081
1654680195.124373 0.0516927 0.0107624 -0.0011198 -0.0141247 0.2087396 0.0144440 0.9777626
1654680195.273517 0.0523326 0.0109248 -0.0012537 -0.0139716 0.2120699 0.0143512 0.9770492
1654680195.423539 0.0524468 0.0107340 -0.0016703 -0.0146049 0.2157973 0.0144720 0.9762217
1654680196.123399 0.0564247 0.0111836 -0.0028036 -0.0149780 0.2287794 0.0157810 0.9732351
1654680196.273414 0.0569680 0.0111995 -0.0030732 -0.0152480 0.2317968 0.0159185 0.9725145
1654680196.523486 0.0582467 0.0112868 -0.0034532 -0.0153829 0.2368915 0.0163324 0.9712771
1654680197.124249 0.0609989 0.0115171 -0.0046699 -0.0161262 0.2488534 0.0170173 0.9682574
1654680197.724215 0.0639320 0.0118229 -0.0057153 -0.0165613 0.2608965 0.0182280 0.9650526
1654680198.324172 0.0666922 0.0120573 -0.0069778 -0.0173059 0.2728474 0.0189783 0.9617144
1654680198.424159 0.0671461 0.0121659 -0.0071459 -0.0174498 0.2748972 0.0189079 0.9611293
1654680198.924312 0.0695155 0.0123822 -0.0081332 -0.0178666 0.2850486 0.0196250 0.9581456
1654680199.074302 0.0702363 0.0124216 -0.0084673 -0.0181490 0.2880606 0.0200336 0.9572306
1654680200.674006 0.0773924 0.0131198 -0.0122918 -0.0197506 0.3194794 0.0221151 0.9471292
1654680200.972629 0.0788385 0.0132794 -0.0128852 -0.0201371 0.3253334 0.0225000 0.9451172
1654680201.122383 0.0794906 0.0133670 -0.0132602 -0.0202597 0.3281646 0.0225012 0.9441352
1654680201.224409 0.0798801 0.0133704 -0.0135422 -0.0203663 0.3300831 0.0228019 0.9434566
1654680201.874275 0.0826997 0.0136865 -0.0152812 -0.0209884 0.3428545 0.0236926 0.9388551
1654680202.374160 0.0847535 0.0138709 -0.0166865 -0.0215704 0.3527236 0.0241563 0.9351670
1654680203.224251 0.0882602 0.0142852 -0.0190274 -0.0225028 0.3689327 0.0252436 0.9288407
1654680203.474143 0.0892528 0.0143607 -0.0197901 -0.0227134 0.3737919 0.0256139 0.9268807
1654680203.573452 0.0896600 0.0143820 -0.0200979 -0.0228453 0.3758669 0.0257980 0.9260327
1654680203.924376 0.0911325 0.0145605 -0.0210835 -0.0233290 0.3827506 0.0259749 0.9231918
1654680204.324551 0.0927727 0.0147590 -0.0223019 -0.0237251 0.3906223 0.0265913 0.9198610
1654680204.474212 0.0933076 0.0148207 -0.0227968 -0.0238230 0.3936062 0.0268094 0.9185793
1654680205.824327 0.0969982 0.0152105 -0.0258923 -0.0251279 0.4122057 0.0275575 0.9103273
1654680206.124396 0.0984635 0.0153802 -0.0270403 -0.0251972 0.4192868 0.0288543 0.9070453
1654680206.374562 0.0995388 0.0155182 -0.0280029 -0.0254202 0.4248938 0.0289930 0.9044216
1654680206.524281 0.1000447 0.0155602 -0.0285328 -0.0256585 0.4274254 0.0292209 0.9032139
1654680207.024225 0.1018414 0.0157912 -0.0302302 -0.0260367 0.4368005 0.0298605 0.8986856
1654680207.424413 0.1033656 0.0160008 -0.0317101 -0.0265718 0.4451459 0.0302548 0.8945522
1654680207.724421 0.1044199 0.0161387 -0.0327891 -0.0267370 0.4506998 0.0309716 0.8917375
1654680208.174211 0.1060946 0.0163423 -0.0345179 -0.0271144 0.4592825 0.0318081 0.8873064
1654680208.374295 0.1066766 0.0164199 -0.0352458 -0.0273838 0.4631238 0.0319226 0.8852951
1654680208.724396 0.1079400 0.0166082 -0.0366080 -0.0277422 0.4701306 0.0323470 0.8815675
1654680209.423990 0.1100230 0.0168787 -0.0391080 -0.0281841 0.4820368 0.0335591 0.8750543
1654680209.523906 0.1102957 0.0169336 -0.0394027 -0.0284889 0.4835960 0.0333262 0.8741926
1654680209.674128 0.1107197 0.0169825 -0.0399146 -0.0285340 0.4860404 0.0337091 0.8728197
1654680210.724213 0.1121475 0.0171876 -0.0415642 -0.0289621 0.4940612 0.0342369 0.8682699
1654680210.923435 0.1119777 0.0171796 -0.0413080 -0.0288566 0.4927357 0.0341802 0.8690285
1654680218.573373 0.1147406 0.0158519 -0.0462233 -0.0259909 0.5136844 0.0336767 0.8569241
1654680218.923309 0.1144202 0.0146531 -0.0465488 -0.0250040 0.5133467 0.0336251 0.8571577
1654680219.972896 0.1140463 0.0116792 -0.0470522 -0.0266438 0.5141680 0.0343611 0.8565868
1654680220.724408 0.1136013 0.0093946 -0.0475624 -0.0266828 0.5144731 0.0348361 0.8563830
1654680225.072475 0.1141807 0.0103483 -0.0472238 -0.0301467 0.5140362 0.0368529 0.8564461
1654680225.324155 0.1143567 0.0112815 -0.0469884 -0.0315984 0.5143746 0.0365659 0.8562028
1654680228.273486 0.1157632 0.0205530 -0.0452610 -0.0298957 0.5126762 0.0360256 0.8573048
1654680228.473393 0.1158671 0.0210313 -0.0451527 -0.0301387 0.5127476 0.0357293 0.8572661
1654680229.922974 0.1161088 0.0238449 -0.0447424 -0.0286618 0.5120628 0.0354593 0.8577371
1654680231.874161 0.1163920 0.0277559 -0.0442091 -0.0279711 0.5116636 0.0345088 0.8580368
1654680232.622960 0.1165354 0.0293034 -0.0439452 -0.0276864 0.5114689 0.0343075 0.8581702
1654680233.724294 0.1166136 0.0324234 -0.0435900 -0.0267359 0.5111063 0.0337636 0.8584379
1654680233.872502 0.1167129 0.0329287 -0.0434959 -0.0268068 0.5109094 0.0337280 0.8585542
1654680234.372025 0.1167714 0.0344816 -0.0433316 -0.0262657 0.5107131 0.0334770 0.8586976
1654680234.573260 0.1167729 0.0351107 -0.0432689 -0.0259816 0.5104704 0.0336106 0.8588453
1654680235.373555 0.1167492 0.0376301 -0.0430399 -0.0250681 0.5102113 0.0330116 0.8590496
1654680235.824389 0.1167570 0.0391126 -0.0429069 -0.0247421 0.5099242 0.0328178 0.8592369
1654680236.124041 0.1167546 0.0401121 -0.0428368 -0.0242826 0.5095687 0.0329888 0.8594544
1654680237.124311 0.1166224 0.0435160 -0.0425747 -0.0234094 0.5092979 0.0319515 0.8596783
1654680237.324282 0.1166466 0.0442259 -0.0425086 -0.0231322 0.5089710 0.0321138 0.8598734
1654680237.774499 0.1166155 0.0458501 -0.0424171 -0.0226410 0.5086894 0.0317357 0.8600670
1654680238.073393 0.1165605 0.0471293 -0.0422711 -0.0225012 0.5087463 0.0314972 0.8600459
1654680238.473353 0.1164697 0.0488842 -0.0421879 -0.0219919 0.5084479 0.0311735 0.8602473
1654680239.222699 0.1162461 0.0523449 -0.0419874 -0.0208033 0.5077807 0.0310883 0.8606738
1654680239.624009 0.1160052 0.0543536 -0.0419416 -0.0202984 0.5075331 0.0306320 0.8608483
1654680240.023927 0.1158019 0.0565729 -0.0418819 -0.0196948 0.5072553 0.0303040 0.8610377
1654680240.525035 0.1155210 0.0594827 -0.0418018 -0.0190019 0.5066853 0.0299175 0.8614023
1654680241.023642 0.1150965 0.0624833 -0.0417787 -0.0180803 0.5061148 0.0297870 0.8617619
1654680241.323554 0.1148923 0.0642920 -0.0417132 -0.0175793 0.5060250 0.0294378 0.8618371
1654680241.774201 0.1145387 0.0670460 -0.0416949 -0.0171725 0.5056771 0.0288620 0.8620688
1654680241.924411 0.1144145 0.0679666 -0.0416683 -0.0168950 0.5054705 0.0288381 0.8621963
1654680242.374197 0.1139318 0.0707907 -0.0417150 -0.0159114 0.5049353 0.0290146 0.8625227
1654680242.874714 0.1134655 0.0738733 -0.0417415 -0.0155940 0.5044817 0.0286523 0.8628060
1654680243.024420 0.1133110 0.0748187 -0.0417355 -0.0152451 0.5043435 0.0287531 0.8628896
1654680243.374116 0.1128913 0.0770617 -0.0418179 -0.0151833 0.5041414 0.0280489 0.8630319
1654680244.674288 0.1114973 0.0834593 -0.0420706 -0.0137539 0.5029596 0.0282292 0.8637394
1654680245.223410 0.1109933 0.0855570 -0.0421943 -0.0135164 0.5026274 0.0280908 0.8639410
1654680246.424319 0.1098363 0.0901400 -0.0425379 -0.0131093 0.5018508 0.0284196 0.8643878
1654680247.073516 0.1091886 0.0925371 -0.0426902 -0.0135286 0.5014851 0.0280755 0.8646048
1654680248.774162 0.1090794 0.0927713 -0.0427149 -0.0124359 0.5014473 0.0279812 0.8646462
1654680250.023257 0.1090802 0.0928151 -0.0427139 -0.0128214 0.5014822 0.0279315 0.8646219
1654680250.774195 0.1075338 0.0925188 -0.0406740 -0.0117105 0.4914063 0.0276875 0.8704115
1654680251.173469 0.1066566 0.0924656 -0.0394527 -0.0120711 0.4863166 0.0265910 0.8732946
1654680251.673249 0.1053539 0.0923034 -0.0379002 -0.0113074 0.4781929 0.0265937 0.8777793
1654680251.774180 0.1049914 0.0922073 -0.0375181 -0.0113526 0.4763865 0.0261430 0.8787739
1654680252.172637 0.1039890 0.0921303 -0.0361326 -0.0110796 0.4697074 0.0256991 0.8823785
1654680252.373818 0.1034988 0.0920195 -0.0356454 -0.0105079 0.4665740 0.0258126 0.8840430
1654680252.624413 0.1027787 0.0919619 -0.0347286 -0.0106834 0.4622812 0.0251795 0.8863115
1654680253.577176 0.0994304 0.0914984 -0.0310977 -0.0094482 0.4426501 0.0240647 0.8963217
1654680254.024122 0.0976589 0.0912908 -0.0293482 -0.0090082 0.4331106 0.0232353 0.9009962
1654680254.324132 0.0964410 0.0911793 -0.0281646 -0.0091566 0.4262299 0.0225957 0.9042863
1654680254.474245 0.0959448 0.0911145 -0.0275878 -0.0086733 0.4231617 0.0227203 0.9057278
1654680254.724780 0.0949728 0.0910048 -0.0266961 -0.0085220 0.4179786 0.0221307 0.9081473
1654680255.024133 0.0937167 0.0908701 -0.0255363 -0.0081821 0.4110660 0.0216741 0.9113111
1654680255.173436 0.0930792 0.0907745 -0.0250215 -0.0077570 0.4073599 0.0217339 0.9129761
1654680255.323567 0.0924949 0.0907397 -0.0243863 -0.0078230 0.4042520 0.0213661 0.9143646
1654680256.273904 0.0881478 0.0902850 -0.0208609 -0.0064954 0.3815364 0.0198956 0.9241168
1654680256.523984 0.0871196 0.0901721 -0.0197736 -0.0065446 0.3758849 0.0194037 0.9264401
1654680256.674054 0.0864292 0.0900951 -0.0192726 -0.0061528 0.3724660 0.0193405 0.9278239
1654680257.173502 0.0839390 0.0898534 -0.0174198 -0.0055045 0.3591629 0.0184845 0.9330756
1654680257.373367 0.0829977 0.0897608 -0.0167266 -0.0055247 0.3546748 0.0176495 0.9348068
1654680257.473460 0.0825426 0.0897624 -0.0163797 -0.0052976 0.3522826 0.0176747 0.9357118
1654680258.071961 0.0795571 0.0894748 -0.0142886 -0.0048405 0.3371181 0.0167165 0.9413015
1654680258.172087 0.0790596 0.0894308 -0.0140201 -0.0046120 0.3345368 0.0164770 0.9422274
1654680258.322965 0.0784403 0.0893582 -0.0136748 -0.0041691 0.3308710 0.0166328 0.9435202
1654680260.423948 0.0769339 0.0892581 -0.0126611 -0.0040723 0.3246408 0.0159983 0.9456933
1654680260.924284 0.0767740 0.0908172 -0.0129262 -0.0058915 0.3249389 0.0156474 0.9455872
1654680261.323499 0.0762707 0.0921359 -0.0131104 -0.0044335 0.3228809 0.0166717 0.9462824
1654680261.573350 0.0762009 0.0932056 -0.0133316 -0.0058462 0.3238420 0.0164527 0.9459500
1654680262.674098 0.0751942 0.0976104 -0.0142430 -0.0062234 0.3229808 0.0174468 0.9462242
1654680262.774127 0.0751252 0.0979308 -0.0143704 -0.0058176 0.3233952 0.0176898 0.9460807
1654680263.124459 0.0747278 0.0994246 -0.0146217 -0.0067423 0.3226576 0.0172035 0.9463354
1654680263.274490 0.0744669 0.0999700 -0.0147424 -0.0066032 0.3221742 0.0175655 0.9464944
1654680264.074083 0.0736968 0.1034214 -0.0155538 -0.0072007 0.3219003 0.0182213 0.9465708
1654680264.724404 0.0733164 0.1050389 -0.0159428 -0.0082906 0.3221315 0.0183948 0.9464799
1654680265.074182 0.0730473 0.1057353 -0.0161318 -0.0079095 0.3213803 0.0190011 0.9467266
1654680265.524101 0.0728733 0.1067876 -0.0163848 -0.0090719 0.3215295 0.0192078 0.9466612
1654680265.674231 0.0727418 0.1070865 -0.0164868 -0.0087877 0.3216380 0.0190335 0.9466306
1654680265.924232 0.0726319 0.1076686 -0.0165370 -0.0098494 0.3209233 0.0194849 0.9468535
1654680268.124122 0.0725523 0.1089484 -0.0164399 -0.0123970 0.3212533 0.0189104 0.9467233
1654680269.224405 0.0737786 0.1100608 -0.0145181 -0.0120380 0.3199284 0.0177367 0.9471992
1654680269.674212 0.0746484 0.1105855 -0.0133248 -0.0114530 0.3207390 0.0181803 0.9469239
1654680270.724432 0.0769750 0.1123021 -0.0101025 -0.0111575 0.3211112 0.0191389 0.9467824
1654680270.824543 0.0771768 0.1125405 -0.0097373 -0.0119972 0.3208033 0.0186346 0.9468865
1654680272.074399 0.0802202 0.1150852 -0.0053321 -0.0131379 0.3206828 0.0190752 0.9469035
1654680272.174376 0.0804267 0.1153220 -0.0049631 -0.0136328 0.3203636 0.0190353 0.9470053
1654680272.324497 0.0809215 0.1155609 -0.0043993 -0.0129598 0.3208955 0.0195655 0.9468238
1654680272.573356 0.0816961 0.1159875 -0.0034936 -0.0125766 0.3209581 0.0201341 0.9467958
1654680273.023419 0.0829218 0.1168977 -0.0018679 -0.0129976 0.3202709 0.0207552 0.9470094
1654680273.173362 0.0833136 0.1171697 -0.0013158 -0.0129130 0.3200912 0.0211557 0.9470625
1654680273.724663 0.0848014 0.1182957 0.0008020 -0.0134793 0.3205908 0.0217468 0.9468722
1654680274.023918 0.0853753 0.1192027 0.0020455 -0.0146526 0.3213625 0.0206815 0.9466170
1654680274.173056 0.0858046 0.1193843 0.0025579 -0.0153682 0.3209403 0.0209256 0.9467435
1654680274.473856 0.0866378 0.1198902 0.0036811 -0.0148064 0.3209887 0.0212055 0.9467298
1654680275.524526 0.0887205 0.1222858 0.0084649 -0.0173953 0.3265497 0.0193050 0.9448228
1654680275.774152 0.0894511 0.1225272 0.0092566 -0.0175133 0.3262179 0.0202169 0.9449161
1654680276.874129 0.0921780 0.1249555 0.0134322 -0.0207138 0.3258256 0.0193800 0.9450043
1654680277.723541 0.0945921 0.1250947 0.0163534 -0.0338305 0.3233216 0.0238847 0.9453825
1654680279.174127 0.0986774 0.1278849 0.0215289 -0.0408143 0.3224496 0.0277489 0.9452991
1654680280.124069 0.1005889 0.1283202 0.0249439 -0.0568286 0.3248568 0.0314906 0.9435290
1654680291.623059 0.1040354 0.1300561 0.0277255 -0.0518911 0.3232842 0.0426080 0.9439169
1654680301.273786 0.1040337 0.1300551 0.0277251 -0.0519322 0.3233149 0.0426046 0.9439043
1654680303.324442 0.1040345 0.1300548 0.0277253 -0.0519232 0.3233237 0.0426145 0.9439014
1654680303.473100 0.1040292 0.1300520 0.0277205 -0.0519861 0.3233154 0.0425716 0.9439027
