1654683453.138255 0.0000000 0.0000000 0.0000000 -0.0000000 -0.0000000 -0.0000000 1.0000000
1654683455.288305 -0.0018971 0.0239114 0.0538052 -0.0017424 -0.0007717 -0.0003667 0.9999982
1654683455.387877 -0.0020021 0.0246270 0.0551452 -0.0017868 -0.0002111 -0.0000299 0.9999984
1654683456.038873 -0.0018994 0.0257138 0.0588064 -0.0015501 -0.0003260 0.0003125 0.9999987
1654683457.538989 -0.0017563 0.0254210 0.0589915 -0.0013719 -0.0004863 0.0004713 0.9999989
1654683457.589128 -0.0017931 0.0254570 0.0586880 -0.0012185 -0.0002812 0.0003239 0.9999992
1654683458.438948 -0.0017901 0.0254338 0.0590298 -0.0009574 -0.0008711 0.0003907 0.9999991
1654683458.836553 -0.0017605 0.0254642 0.0587679 -0.0012869 -0.0001799 0.0004256 0.9999990
1654683458.988050 -0.0017594 0.0254645 0.0587685 -0.0011203 0.0001190 0.0002338 0.9999993
1654683459.088183 -0.0017791 0.0254567 0.0587375 -0.0010332 -0.0001532 0.0001551 0.9999995
