1654686060.946884 0.0000000 0.0000000 0.0000000 -0.0000000 -0.0000000 -0.0000000 1.0000000
1654686085.095067 -0.0035825 -0.0104385 -0.0275552 0.0013925 -0.0026847 -0.0050858 0.9999825
1654686085.195617 -0.0031665 -0.0111563 -0.0290194 0.0014961 -0.0028698 -0.0048866 0.9999828
1654686089.627037 0.0296644 -0.0202336 -0.0493817 0.0014464 0.0149433 -0.0012636 0.9998865
1654686089.845223 0.0350415 -0.0200994 -0.0490692 0.0012606 0.0182882 -0.0008064 0.9998317
1654686092.494072 0.0961686 -0.0175525 -0.0481986 -0.0004726 0.0529958 0.0017356 0.9985932
1654686092.844277 0.1036664 -0.0171561 -0.0484891 -0.0006743 0.0570217 0.0024351 0.9983698
1654686093.226909 0.1111266 -0.0168685 -0.0487970 -0.0009405 0.0611419 0.0027028 0.9981250
1654686093.746178 0.1231488 -0.0161400 -0.0492984 -0.0011831 0.0680614 0.0031916 0.9976754
1654686093.894406 0.1242708 -0.0159593 -0.0492229 -0.0012282 0.0690870 0.0026592 0.9976063
1654686093.993698 0.1242269 -0.0160861 -0.0492875 -0.0012014 0.0689783 0.0030715 0.9976127
1654686094.544911 0.1173496 -0.0166381 -0.0492547 -0.0007776 0.0644190 0.0036458 0.9979160
1654686101.394591 0.0437615 -0.0279353 -0.0681632 0.0018438 0.0234793 -0.0022471 0.9997201
1654686107.944312 0.1011623 -0.0480280 -0.1213434 0.0018323 0.0592383 0.0023270 0.9982395
1654686108.694623 0.1195036 -0.0471371 -0.1219716 0.0014256 0.0705971 0.0031612 0.9974989
1654686108.845326 0.1215625 -0.0470451 -0.1219928 0.0012745 0.0720883 0.0026503 0.9973939
1654686109.846506 0.1164233 -0.0470831 -0.1215715 0.0010265 0.0692277 0.0016522 0.9975990
1654686109.994786 0.1152743 -0.0471818 -0.1216186 0.0014217 0.0683042 0.0021376 0.9976612
1654686114.694956 0.0387029 -0.0530123 -0.1271996 0.0033414 0.0218737 -0.0011967 0.9997545
1654686116.294362 0.0400290 -0.0681036 -0.1638335 0.0049075 0.0220977 -0.0010326 0.9997433
1654686117.044756 0.0402960 -0.0758913 -0.1826482 0.0055913 0.0225950 -0.0002469 0.9997290
1654686117.195696 0.0406621 -0.0773677 -0.1863374 0.0055027 0.0226012 -0.0001476 0.9997295
1654686117.544349 0.0396973 -0.0813085 -0.1954018 0.0058429 0.0221668 0.0000594 0.9997372
1654686118.394708 0.0399463 -0.0899507 -0.2173108 0.0064372 0.0221874 -0.0005509 0.9997330
1654686119.545989 0.0386879 -0.1018869 -0.2470439 0.0073973 0.0216873 -0.0008034 0.9997371
1654686120.495306 0.0383678 -0.1116241 -0.2722351 0.0080223 0.0214995 -0.0013514 0.9997358
1654686121.246089 0.0379754 -0.1192935 -0.2911924 0.0085938 0.0214429 -0.0013042 0.9997323
1654686122.145279 0.0377618 -0.1261214 -0.3094061 0.0090837 0.0215552 -0.0015232 0.9997253
1654686123.194514 0.0380017 -0.1271982 -0.3119767 0.0092508 0.0214645 -0.0011428 0.9997262
1654686123.644669 0.0380016 -0.1275635 -0.3120590 0.0091978 0.0219098 -0.0012856 0.9997168
1654686124.645388 0.0390548 -0.1642615 -0.3055774 0.0208029 0.0222225 -0.0022186 0.9995341
1654686124.795407 0.0392709 -0.1721711 -0.3038398 0.0219158 0.0216916 -0.0027968 0.9995206
1654686125.195158 0.0398671 -0.1946354 -0.2991354 0.0252759 0.0228027 -0.0021540 0.9994181
1654686125.444982 0.0403628 -0.2071716 -0.2956938 0.0252245 0.0231772 -0.0028483 0.9994091
1654686125.695560 0.0413244 -0.2214716 -0.2924725 0.0267327 0.0236251 -0.0026274 0.9993600
1654686126.095822 0.0415433 -0.2414015 -0.2878245 0.0265553 0.0239286 -0.0033514 0.9993553
1654686126.144899 0.0416994 -0.2443098 -0.2872725 0.0266753 0.0242148 -0.0029247 0.9993466
1654686126.945244 0.0428550 -0.2840188 -0.2800606 0.0273038 0.0257024 -0.0035572 0.9992904
1654686126.995252 0.0427214 -0.2869614 -0.2795013 0.0269291 0.0259030 -0.0037859 0.9992945
1654686127.146566 0.0431098 -0.2935733 -0.2781747 0.0269414 0.0259573 -0.0037619 0.9992929
1654686128.345498 0.0449258 -0.3494068 -0.2716026 0.0263642 0.0275474 -0.0045084 0.9992626
1654686128.794713 0.0457911 -0.3694791 -0.2692116 0.0260102 0.0281499 -0.0043013 0.9992560
1654686129.344869 0.0467355 -0.3941654 -0.2673863 0.0252988 0.0289169 -0.0048934 0.9992496
1654686129.995280 0.0478307 -0.4226501 -0.2657433 0.0245306 0.0297421 -0.0047552 0.9992452
1654686130.094985 0.0477579 -0.4272901 -0.2663029 0.0241948 0.0299035 -0.0049451 0.9992477
1654686130.595571 0.0483919 -0.4489283 -0.2658627 0.0233329 0.0307771 -0.0054918 0.9992388
1654686131.445175 0.0498803 -0.4850623 -0.2660007 0.0219265 0.0318711 -0.0057936 0.9992347
1654686131.695240 0.0501435 -0.4954671 -0.2668504 0.0214671 0.0322606 -0.0056711 0.9992328
1654686132.644970 0.0516162 -0.5348634 -0.2696216 0.0198725 0.0334843 -0.0059108 0.9992242
1654686132.744380 0.0516746 -0.5390352 -0.2706671 0.0195881 0.0336816 -0.0061364 0.9992218
1654686133.294974 0.0526552 -0.5609751 -0.2729441 0.0189104 0.0343095 -0.0061378 0.9992135
1654686133.494527 0.0528028 -0.5691218 -0.2744340 0.0185391 0.0347543 -0.0063664 0.9992036
1654686134.245204 0.0535558 -0.5984594 -0.2795114 0.0173343 0.0356404 -0.0059180 0.9991968
1654686134.394342 0.0537376 -0.6035098 -0.2796058 0.0170084 0.0359547 -0.0061319 0.9991899
1654686134.646500 0.0539415 -0.6116524 -0.2818848 0.0166796 0.0361278 -0.0059831 0.9991901
1654686136.395808 0.0548531 -0.6382887 -0.2862527 0.0134193 0.0375023 -0.0059898 0.9991885
1654686140.894526 0.1340186 -0.6352859 -0.2852270 0.0105776 0.0927301 -0.0022564 0.9956325
1654686140.994850 0.1374356 -0.6345516 -0.2849442 0.0100977 0.0950712 -0.0020134 0.9954172
1654686141.445592 0.1522951 -0.6346047 -0.2870680 0.0102614 0.1054812 -0.0005158 0.9943683
1654686141.594486 0.1570229 -0.6336549 -0.2865424 0.0094165 0.1088979 -0.0007282 0.9940081
1654686142.195187 0.1783670 -0.6326281 -0.2884916 0.0087448 0.1239817 0.0003678 0.9922459
1654686142.394524 0.1854181 -0.6327339 -0.2900635 0.0088881 0.1285475 0.0012247 0.9916628
1654686142.744911 0.1983035 -0.6318343 -0.2912888 0.0080930 0.1380364 0.0016020 0.9903928
1654686143.344787 0.2212581 -0.6305126 -0.2948790 0.0072748 0.1541032 0.0031825 0.9880229
1654686143.544706 0.2299874 -0.6300908 -0.2968231 0.0071737 0.1603270 0.0036159 0.9870313
1654686144.644935 0.2766163 -0.6270602 -0.3065536 0.0053166 0.1932375 0.0064679 0.9811163
1654686144.944806 0.2893202 -0.6266621 -0.3104920 0.0052331 0.2023459 0.0072896 0.9792730
1654686145.044916 0.2935761 -0.6260758 -0.3114103 0.0049293 0.2053337 0.0076028 0.9786502
1654686145.795382 0.3245926 -0.6235919 -0.3205357 0.0035128 0.2278836 0.0087326 0.9736429
1654686146.195271 0.3411005 -0.6225722 -0.3260312 0.0031600 0.2396772 0.0098479 0.9707975
1654686146.295231 0.3451027 -0.6220917 -0.3272320 0.0027939 0.2425508 0.0100551 0.9700826
1654686146.646178 0.3594441 -0.6212749 -0.3326088 0.0026916 0.2526976 0.0113732 0.9674747
1654686146.944722 0.3714344 -0.6199958 -0.3371101 0.0017877 0.2616622 0.0117650 0.9650862
1654686147.193931 0.3816270 -0.6194708 -0.3416785 0.0017302 0.2690869 0.0125812 0.9630322
1654686147.379970 0.3877450 -0.6188027 -0.3441984 0.0014237 0.2736061 0.0127565 0.9617562
1654686147.645130 0.3991534 -0.6177590 -0.3495391 0.0008114 0.2824486 0.0132084 0.9591912
1654686147.794767 0.4049032 -0.6174641 -0.3521001 0.0007847 0.2866547 0.0136606 0.9579363
1654686147.944476 0.4106359 -0.6168137 -0.3549053 0.0004272 0.2909728 0.0140455 0.9566281
1654686148.046516 0.4145118 -0.6163493 -0.3569457 0.0000709 0.2940513 0.0140729 0.9556860
1654686148.395046 0.4280219 -0.6153932 -0.3640241 -0.0001473 0.3040195 0.0153443 0.9525422
1654686148.695385 0.4395457 -0.6141985 -0.3699442 -0.0008980 0.3128307 0.0157392 0.9496781
1654686149.494671 0.4688542 -0.6114215 -0.3881215 -0.0019262 0.3358195 0.0176952 0.9417582
1654686149.694703 0.4762256 -0.6107972 -0.3922323 -0.0023398 0.3417515 0.0182547 0.9396102
1654686151.295106 0.5337952 -0.6046417 -0.4287578 -0.0045150 0.3871662 0.0227608 0.9217179
1654686151.944937 0.5561538 -0.6017622 -0.4465156 -0.0055812 0.4053858 0.0242369 0.9138073
1654686152.194977 0.5650030 -0.6012801 -0.4530080 -0.0060676 0.4124919 0.0252057 0.9105923
1654686152.344787 0.5691602 -0.6004087 -0.4575534 -0.0061817 0.4166652 0.0254921 0.9086815
1654686153.195291 0.5958497 -0.5967262 -0.4830891 -0.0075444 0.4395793 0.0276311 0.8977470
1654686153.395240 0.6019778 -0.5960460 -0.4893078 -0.0078977 0.4451187 0.0279869 0.8949993
1654686153.545309 0.6067825 -0.5955178 -0.4936945 -0.0079890 0.4490876 0.0284680 0.8929984
1654686153.695238 0.6102422 -0.5947850 -0.4985969 -0.0080557 0.4531590 0.0290573 0.8909196
1654686154.395474 0.6306968 -0.5915391 -0.5210093 -0.0091024 0.4716726 0.0308214 0.8811880
1654686154.675562 0.6380111 -0.5905278 -0.5293117 -0.0095119 0.4782738 0.0312809 0.8776020
1654686154.795132 0.6419390 -0.5898271 -0.5345454 -0.0096195 0.4822815 0.0318012 0.8753861
1654686155.045582 0.6491984 -0.5887069 -0.5427914 -0.0101312 0.4885953 0.0322027 0.8718572
1654686155.494807 0.6614079 -0.5865955 -0.5583749 -0.0107636 0.5005182 0.0331016 0.8650260
1654686155.595809 0.6636419 -0.5860629 -0.5620092 -0.0108238 0.5031061 0.0335049 0.8635071
1654686155.795164 0.6692105 -0.5851217 -0.5692919 -0.0112632 0.5082512 0.0336036 0.8604793
1654686155.994909 0.6743014 -0.5842277 -0.5764261 -0.0113132 0.5131065 0.0344372 0.8575593
1654686156.095073 0.6766571 -0.5838972 -0.5799200 -0.0115962 0.5158634 0.0346661 0.8558906
1654686156.145783 0.6780611 -0.5835819 -0.5813445 -0.0115468 0.5171059 0.0348811 0.8551325
1654686156.394984 0.6840264 -0.5823588 -0.5903267 -0.0118065 0.5233895 0.0354406 0.8512744
1654686156.545223 0.6878837 -0.5815609 -0.5958534 -0.0119920 0.5272160 0.0356838 0.8488970
1654686156.745431 0.6925339 -0.5807754 -0.6033930 -0.0124970 0.5324610 0.0360116 0.8455958
1654686156.844304 0.6948737 -0.5802146 -0.6069533 -0.0125049 0.5350481 0.0363137 0.8439482
1654686156.921692 0.6959239 -0.5800926 -0.6088264 -0.0126220 0.5362688 0.0364468 0.8431656
1654686157.195990 0.7028610 -0.5786795 -0.6199804 -0.0129478 0.5437285 0.0373302 0.8383306
1654686157.545851 0.7102301 -0.5770079 -0.6331241 -0.0134548 0.5525624 0.0377666 0.8325068
1654686157.646181 0.7126485 -0.5766318 -0.6367309 -0.0136657 0.5550123 0.0380387 0.8308595
1654686157.745389 0.7149558 -0.5761420 -0.6405784 -0.0137344 0.5572966 0.0384410 0.8293094
1654686157.845039 0.7172363 -0.5755590 -0.6444288 -0.0139374 0.5598516 0.0385850 0.8275766
1654686157.995399 0.7205625 -0.5749189 -0.6502341 -0.0141111 0.5636272 0.0390718 0.8249841
1654686158.094246 0.7228232 -0.5744325 -0.6542776 -0.0141954 0.5661942 0.0392045 0.8232167
1654686158.294925 0.7268648 -0.5734811 -0.6622354 -0.0144904 0.5710097 0.0395237 0.8198633
1654686158.445441 0.7301049 -0.5728236 -0.6678780 -0.0148801 0.5748563 0.0397553 0.8171527
1654686158.744792 0.7358448 -0.5714273 -0.6794585 -0.0153339 0.5820270 0.0402826 0.8120263
1654686158.844820 0.7378281 -0.5708791 -0.6833051 -0.0153947 0.5844666 0.0404468 0.8102628
1654686159.045310 0.7418055 -0.5699615 -0.6913759 -0.0156369 0.5893759 0.0411486 0.8066587
1654686159.144995 0.7434255 -0.5695854 -0.6956545 -0.0159976 0.5919197 0.0412089 0.8047838
1654686159.244740 0.7451571 -0.5689255 -0.6996855 -0.0161004 0.5944636 0.0411523 0.8029073
1654686159.345805 0.7472039 -0.5684521 -0.7039677 -0.0160520 0.5966516 0.0416486 0.8012581
1654686159.495241 0.7499145 -0.5677369 -0.7101039 -0.0163759 0.6002102 0.0417369 0.7985848
1654686159.745001 0.7542360 -0.5667552 -0.7202140 -0.0168439 0.6062323 0.0425603 0.7939693
1654686159.845250 0.7560644 -0.5661882 -0.7242844 -0.0168479 0.6085589 0.0427506 0.7921772
1654686159.945025 0.7578169 -0.5657786 -0.7285563 -0.0170745 0.6108647 0.0428430 0.7903907
1654686160.045053 0.7591542 -0.5655697 -0.7327275 -0.0174434 0.6131983 0.0431559 0.7885565
1654686160.444874 0.7662117 -0.5632548 -0.7498465 -0.0179872 0.6228232 0.0436982 0.7809342
1654686160.544762 0.7677304 -0.5629022 -0.7539480 -0.0179903 0.6252867 0.0443392 0.7789268
1654686160.644638 0.7690145 -0.5622970 -0.7581099 -0.0178854 0.6276663 0.0445410 0.7770014
1654686160.826576 0.7715324 -0.5614707 -0.7643877 -0.0182760 0.6311164 0.0446229 0.7741879
1654686161.044584 0.7747989 -0.5602728 -0.7745984 -0.0184393 0.6369347 0.0452764 0.7693661
1654686161.394945 0.7794647 -0.5586164 -0.7900548 -0.0190857 0.6451667 0.0458545 0.7624258
1654686161.594867 0.7823103 -0.5578883 -0.7987202 -0.0195387 0.6497282 0.0464932 0.7584918
1654686161.794931 0.7847246 -0.5569276 -0.8074061 -0.0199239 0.6543884 0.0466854 0.7544531
1654686162.095258 0.7880649 -0.5554516 -0.8205664 -0.0201009 0.6609555 0.0474696 0.7486524
1654686162.344847 0.7909317 -0.5544652 -0.8312809 -0.0206108 0.6665688 0.0479466 0.7436144
1654686162.448491 0.7918848 -0.5539197 -0.8355516 -0.0207274 0.6688671 0.0480684 0.7415366
1654686162.795058 0.7954347 -0.5523307 -0.8511305 -0.0213589 0.6765217 0.0488347 0.7344912
1654686162.895014 0.7962367 -0.5519403 -0.8552980 -0.0214256 0.6788474 0.0491127 0.7323217
1654686162.995483 0.7969304 -0.5514718 -0.8596572 -0.0216841 0.6809235 0.0490578 0.7303878
1654686163.144918 0.7983710 -0.5508210 -0.8660006 -0.0219951 0.6841911 0.0493600 0.7272980
1654686163.244998 0.7990800 -0.5503122 -0.8702625 -0.0220544 0.6864310 0.0497495 0.7251559
1654686163.444684 0.8006772 -0.5493889 -0.8789986 -0.0222469 0.6907845 0.0502038 0.7209726
1654686163.844922 0.8035438 -0.5475351 -0.8971584 -0.0228528 0.6996615 0.0510351 0.7122830
1654686164.194156 0.8055930 -0.5460834 -0.9130080 -0.0234229 0.7072332 0.0516797 0.7046998
1654686164.295409 0.8059256 -0.5455554 -0.9173176 -0.0235084 0.7092621 0.0518852 0.7026398
1654686164.575922 0.8065282 -0.5441828 -0.9282167 -0.0238354 0.7144670 0.0521749 0.6973138
1654686164.895510 0.8077431 -0.5425374 -0.9441901 -0.0241566 0.7218796 0.0528760 0.6895726
1654686165.195532 0.8085750 -0.5412970 -0.9578140 -0.0245018 0.7281070 0.0537431 0.6829140
1654686165.295575 0.8085308 -0.5409247 -0.9622015 -0.0245947 0.7302827 0.0539255 0.6805691
1654686165.395432 0.8086191 -0.5405463 -0.9667290 -0.0249213 0.7322527 0.0540133 0.6784303
1654686166.695099 0.8090872 -0.5345629 -1.0258152 -0.0266865 0.7581276 0.0563935 0.6491150
1654686167.094877 0.8089538 -0.5330967 -1.0442692 -0.0271343 0.7656122 0.0573880 0.6401627
1654686167.193880 0.8085934 -0.5324657 -1.0490439 -0.0274144 0.7673373 0.0574181 0.6380792
1654686167.494684 0.8078089 -0.5310211 -1.0633397 -0.0276959 0.7731898 0.0579261 0.6309160
1654686168.194810 0.8042766 -0.5281455 -1.0954285 -0.0285616 0.7863232 0.0593096 0.6142983
1654686168.344606 0.8034185 -0.5274786 -1.1020200 -0.0288607 0.7890646 0.0594411 0.6107462
1654686168.444811 0.8031516 -0.5272632 -1.1063924 -0.0290224 0.7909105 0.0597511 0.6083158
1654686168.544914 0.8021649 -0.5264932 -1.1107087 -0.0290107 0.7926472 0.0598083 0.6060460
1654686169.244695 0.7975539 -0.5238272 -1.1419878 -0.0300871 0.8052363 0.0610609 0.5890338
1654686169.694728 0.7935858 -0.5217700 -1.1625015 -0.0304593 0.8132902 0.0618460 0.5777596
1654686170.195104 0.7881297 -0.5195131 -1.1854709 -0.0308428 0.8219230 0.0627041 0.5652961
1654686170.345123 0.7863375 -0.5188062 -1.1921831 -0.0308768 0.8244925 0.0629916 0.5615076
1654686170.644955 0.7830292 -0.5177608 -1.2053400 -0.0313970 0.8295758 0.0634210 0.5538917
1654686170.844325 0.7805191 -0.5169041 -1.2138518 -0.0315036 0.8329237 0.0637633 0.5487986
1654686171.344852 0.7740951 -0.5151484 -1.2354701 -0.0324034 0.8408550 0.0644743 0.5364289
1654686171.544851 0.7712237 -0.5143477 -1.2436259 -0.0324557 0.8441529 0.0648000 0.5311812
1654686172.644451 0.7535344 -0.5104958 -1.2907664 -0.0336810 0.8613291 0.0665037 0.5025485
1654686172.844828 0.7498481 -0.5098719 -1.2993114 -0.0340725 0.8642898 0.0667631 0.4973780
1654686173.196028 0.7434450 -0.5085860 -1.3133171 -0.0344387 0.8693361 0.0672594 0.4884107
1654686173.295453 0.7419270 -0.5082706 -1.3172238 -0.0346236 0.8708076 0.0672910 0.4857647
1654686173.495292 0.7380431 -0.5076805 -1.3250134 -0.0349471 0.8735897 0.0675625 0.4806818
1654686174.295315 0.7223436 -0.5052067 -1.3573486 -0.0359807 0.8849422 0.0686744 0.4592021
1654686175.445120 0.6962602 -0.5020989 -1.4014541 -0.0371158 0.9001436 0.0702159 0.4282915
1654686176.295510 0.6758496 -0.4996331 -1.4320931 -0.0381932 0.9102346 0.0711208 0.4061479
1654686176.444655 0.6720212 -0.4992592 -1.4379892 -0.0382935 0.9121694 0.0713253 0.4017379
1654686177.495560 0.6441089 -0.4962638 -1.4752254 -0.0392745 0.9239910 0.0723995 0.3734389
1654686178.095084 0.6263357 -0.4948432 -1.4959911 -0.0399078 0.9307354 0.0730162 0.3561007
1654686178.327890 0.6213390 -0.4945003 -1.5021857 -0.0402611 0.9326508 0.0732265 0.3509692
1654686180.396407 0.5539189 -0.4908382 -1.5683120 -0.0422401 0.9527316 0.0753640 0.2912705
1654686180.698267 0.5446168 -0.4904896 -1.5763798 -0.0425296 0.9550034 0.0756830 0.2836049
1654686181.895415 0.5045786 -0.4889506 -1.6079327 -0.0437495 0.9640378 0.0765484 0.2507137
1654686182.145308 0.4965673 -0.4886466 -1.6139913 -0.0439875 0.9656387 0.0767076 0.2443830
1654686182.394296 0.4871407 -0.4885764 -1.6201282 -0.0439808 0.9673912 0.0769281 0.2372805
1654686183.344820 0.4543508 -0.4878680 -1.6417025 -0.0449700 0.9732479 0.0776088 0.2115258
1654686183.744565 0.4397361 -0.4874537 -1.6508558 -0.0452688 0.9755672 0.0778535 0.2003954
1654686184.124871 0.4279557 -0.4873193 -1.6578648 -0.0454790 0.9774545 0.0780291 0.1908556
1654686185.244063 0.4171533 -0.4870650 -1.6639779 -0.0460428 0.9788819 0.0781337 0.1832088
1654686194.026985 0.4196172 -0.5296268 -1.6727487 -0.0465527 0.9792368 0.0798611 0.1804175
1654686195.545377 0.4200440 -0.5295607 -1.6727939 -0.0460935 0.9792644 0.0800218 0.1803139
1654686195.895037 0.4304793 -0.5297217 -1.6669083 -0.0462564 0.9777576 0.0799187 0.1883171
1654686197.545525 0.4836395 -0.5307819 -1.6340382 -0.0449044 0.9691864 0.0789315 0.2289785
1654686198.494778 0.5143176 -0.5315056 -1.6122339 -0.0444851 0.9631715 0.0781580 0.2534028
1654686199.027161 0.5300055 -0.5319330 -1.5999794 -0.0443196 0.9598753 0.0776834 0.2657827
1654686199.193980 0.5357773 -0.5323210 -1.5950536 -0.0440416 0.9584607 0.0775660 0.2709188
1654686201.294798 0.5972496 -0.5350962 -1.5398355 -0.0422876 0.9423815 0.0758331 0.3230762
1654686201.544251 0.6039056 -0.5354488 -1.5330895 -0.0421389 0.9402961 0.0755982 0.3291695
1654686202.694419 0.6338580 -0.5371453 -1.5009885 -0.0411294 0.9303747 0.0745875 0.3565781
1654686203.646030 0.6568582 -0.5390986 -1.4728892 -0.0402078 0.9216601 0.0737218 0.3788024
1654686206.494323 0.7173921 -0.5449975 -1.3838218 -0.0374288 0.8921629 0.0707182 0.4445710
1654686208.045294 0.7444839 -0.5491897 -1.3309486 -0.0361266 0.8742448 0.0689149 0.4792094
1654686209.095900 0.7608408 -0.5521686 -1.2945253 -0.0353208 0.8614564 0.0676339 0.5020669
1654686209.944307 0.7727777 -0.5540581 -1.2639980 -0.0343230 0.8505969 0.0664086 0.5204774
1654686210.476356 0.7789050 -0.5557418 -1.2459397 -0.0340546 0.8440682 0.0657141 0.5311034
1654686210.697789 0.7816205 -0.5565388 -1.2366973 -0.0339922 0.8406522 0.0652502 0.5365545
1654686210.895716 0.7843738 -0.5570965 -1.2294127 -0.0334337 0.8380843 0.0651403 0.5406048
1654686211.544759 0.7911694 -0.5588373 -1.2060061 -0.0326681 0.8294182 0.0642187 0.5539622
1654686212.174801 0.7967891 -0.5609492 -1.1837671 -0.0320592 0.8210278 0.0635625 0.5664321
1654686212.645115 0.8010581 -0.5629110 -1.1654090 -0.0316201 0.8139630 0.0630096 0.5766230
1654686213.843827 0.8087106 -0.5675176 -1.1200230 -0.0305530 0.7961823 0.0612719 0.6011706
1654686214.180268 0.8100239 -0.5684323 -1.1088850 -0.0304250 0.7916096 0.0606941 0.6072437
1654686214.494945 0.8115206 -0.5696356 -1.0959966 -0.0300203 0.7861146 0.0600448 0.6144243
1654686214.844472 0.8128812 -0.5707664 -1.0822889 -0.0295769 0.7807679 0.0594935 0.6212788
1654686215.094636 0.8139666 -0.5720947 -1.0721940 -0.0295348 0.7768993 0.0592430 0.6261353
1654686215.594020 0.8150145 -0.5736411 -1.0535649 -0.0288991 0.7688530 0.0583640 0.6361002
1654686215.845503 0.8155441 -0.5748179 -1.0441411 -0.0288587 0.7648219 0.0580272 0.6409739
1654686216.094095 0.8159356 -0.5756865 -1.0345153 -0.0284099 0.7609670 0.0577590 0.6455897
1654686216.344183 0.8159836 -0.5766575 -1.0248946 -0.0282587 0.7568745 0.0573700 0.6504238
1654686216.694216 0.8168331 -0.5781494 -1.0115117 -0.0277814 0.7510962 0.0570062 0.6571400
1654686216.894542 0.8171639 -0.5791088 -1.0042022 -0.0273701 0.7478240 0.0569243 0.6608856
1654686217.274914 0.8173817 -0.5804790 -0.9907747 -0.0271369 0.7419521 0.0563182 0.6675320
1654686217.625446 0.8173722 -0.5819904 -0.9773667 -0.0265575 0.7359873 0.0561065 0.6741435
1654686217.844007 0.8172306 -0.5830613 -0.9675303 -0.0264816 0.7316179 0.0555610 0.6789308
1654686218.444237 0.8160598 -0.5853759 -0.9449013 -0.0260565 0.7210507 0.0542605 0.6902629
1654686218.844746 0.8147739 -0.5869743 -0.9295639 -0.0257392 0.7138689 0.0533898 0.6977667
1654686219.544039 0.8110219 -0.5895873 -0.9024714 -0.0248841 0.7009090 0.0520698 0.7109122
1654686219.743888 0.8098833 -0.5905160 -0.8950257 -0.0249523 0.6969543 0.0515499 0.7148250
1654686219.945490 0.8086281 -0.5912209 -0.8870496 -0.0246510 0.6931472 0.0511362 0.7185571
1654686220.244966 0.8063708 -0.5924695 -0.8749434 -0.0241309 0.6872644 0.0507376 0.7242314
1654686220.545067 0.8039549 -0.5937571 -0.8632119 -0.0238231 0.6814423 0.0501896 0.7297602
1654686221.245294 0.7980690 -0.5966138 -0.8358907 -0.0231887 0.6677260 0.0486490 0.7424538
1654686221.644970 0.7941397 -0.5980443 -0.8205015 -0.0224500 0.6599801 0.0478668 0.7494205
1654686222.193745 0.7879423 -0.6003221 -0.7985934 -0.0216568 0.6487751 0.0466796 0.7592384
1654686222.445702 0.7850657 -0.6012490 -0.7889518 -0.0211142 0.6436390 0.0463076 0.7636352
1654686222.644731 0.7824498 -0.6023274 -0.7810678 -0.0212032 0.6394587 0.0459545 0.7671579
1654686222.895247 0.7794564 -0.6033283 -0.7715174 -0.0207668 0.6340909 0.0454944 0.7716396
1654686223.396714 0.7723336 -0.6053293 -0.7516898 -0.0200314 0.6233776 0.0442326 0.7804118
1654686223.644232 0.7688134 -0.6061100 -0.7419785 -0.0196197 0.6180288 0.0434480 0.7847087
1654686223.844499 0.7657352 -0.6069971 -0.7343353 -0.0193045 0.6137290 0.0432639 0.7880941
1654686223.994579 0.7632627 -0.6077829 -0.7287121 -0.0191721 0.6105464 0.0429338 0.7905836
1654686224.144582 0.7612513 -0.6083216 -0.7229531 -0.0188847 0.6071178 0.0425895 0.7932449
1654686224.544589 0.7529837 -0.6105646 -0.7051533 -0.0181391 0.5964226 0.0420171 0.8013650
1654686224.744191 0.7489757 -0.6115719 -0.6957819 -0.0175899 0.5912755 0.0417403 0.8051966
1654686224.993744 0.7434046 -0.6127226 -0.6845245 -0.0173434 0.5847047 0.0407335 0.8100373
1654686225.195688 0.7392370 -0.6137334 -0.6763045 -0.0167569 0.5795496 0.0406460 0.8137502
1654686225.345543 0.7363566 -0.6143949 -0.6705188 -0.0165196 0.5756142 0.0402489 0.8165632
1654686225.548164 0.7322794 -0.6154342 -0.6624339 -0.0163802 0.5710883 0.0398942 0.8197551
1654686225.724464 0.7288769 -0.6163622 -0.6566685 -0.0160829 0.5670679 0.0398672 0.8225485
1654686225.893830 0.7248983 -0.6172906 -0.6487007 -0.0159513 0.5622539 0.0392383 0.8258792
1654686226.144716 0.7186081 -0.6183458 -0.6385809 -0.0155964 0.5555122 0.0383115 0.8304788
1654686226.344755 0.7137492 -0.6194087 -0.6304275 -0.0150733 0.5499380 0.0381765 0.8341964
1654686226.494689 0.7097793 -0.6201071 -0.6243564 -0.0148969 0.5458414 0.0376112 0.8369114
1654686226.694688 0.7047439 -0.6210920 -0.6160401 -0.0145480 0.5404186 0.0373037 0.8404430
1654686227.075822 0.6957583 -0.6228711 -0.6017542 -0.0139997 0.5306576 0.0363686 0.8466899
1654686227.444409 0.6848371 -0.6247801 -0.5859582 -0.0133517 0.5198373 0.0353053 0.8534310
1654686227.644694 0.6793530 -0.6257238 -0.5785900 -0.0131520 0.5142412 0.0346142 0.8568459
1654686227.796438 0.6752288 -0.6264334 -0.5729105 -0.0128440 0.5105135 0.0342818 0.8590900
1654686227.978211 0.6715448 -0.6272389 -0.5672303 -0.0126481 0.5064399 0.0341176 0.8615072
1654686228.195541 0.6650510 -0.6284139 -0.5576059 -0.0123327 0.5000558 0.0332914 0.8652652
1654686228.944609 0.6428032 -0.6319188 -0.5303683 -0.0112913 0.4792360 0.0314172 0.8770510
1654686229.144848 0.6366442 -0.6330059 -0.5228769 -0.0109345 0.4736230 0.0309281 0.8801166
1654686229.345089 0.6296543 -0.6337629 -0.5161512 -0.0107677 0.4676186 0.0299624 0.8833568
1654686229.495595 0.6256526 -0.6345259 -0.5102503 -0.0105834 0.4633796 0.0296244 0.8856013
1654686229.894405 0.6126918 -0.6363282 -0.4971144 -0.0099347 0.4521973 0.0285638 0.8914051
1654686230.046448 0.6075944 -0.6367384 -0.4922840 -0.0096658 0.4481038 0.0279521 0.8934922
1654686230.244286 0.6011947 -0.6375586 -0.4856730 -0.0092154 0.4423277 0.0275965 0.8963814
1654686230.675372 0.5883451 -0.6393164 -0.4725853 -0.0086711 0.4306985 0.0264387 0.9020668
1654686231.046644 0.5731373 -0.6410496 -0.4600121 -0.0080850 0.4189871 0.0251503 0.9076079
1654686231.294295 0.5646823 -0.6417473 -0.4531046 -0.0076277 0.4117962 0.0243760 0.9109180
1654686231.494512 0.5577303 -0.6425131 -0.4470839 -0.0074452 0.4062105 0.0233082 0.9134519
1654686232.344347 0.5264905 -0.6464623 -0.4227312 -0.0060844 0.3807077 0.0213048 0.9244300
1654686232.544785 0.5200270 -0.6476904 -0.4164656 -0.0059620 0.3753613 0.0209161 0.9266233
1654686233.094774 0.4995913 -0.6495614 -0.4029062 -0.0051483 0.3588877 0.0191702 0.9331697
1654686233.794133 0.4754366 -0.6525745 -0.3848261 -0.0040089 0.3378708 0.0175795 0.9410198
1654686234.147146 0.4616972 -0.6536624 -0.3772323 -0.0034988 0.3275419 0.0168430 0.9446801
1654686234.643984 0.4406573 -0.6554776 -0.3661405 -0.0025217 0.3115529 0.0155520 0.9500982
1654686234.894777 0.4313338 -0.6562504 -0.3618705 -0.0020695 0.3045961 0.0151948 0.9523582
1654686235.843812 0.3912227 -0.6594089 -0.3439171 -0.0005554 0.2753307 0.0126759 0.9612659
1654686236.744779 0.3537077 -0.6623961 -0.3281173 0.0010133 0.2478467 0.0106688 0.9687400
1654686236.945975 0.3446032 -0.6631553 -0.3249198 0.0012349 0.2413785 0.0099456 0.9703793
1654686237.194335 0.3348965 -0.6639655 -0.3216159 0.0017221 0.2341873 0.0096831 0.9721417
1654686237.995111 0.2992073 -0.6665496 -0.3108573 0.0029582 0.2088318 0.0073085 0.9779198
1654686238.344696 0.2850931 -0.6676140 -0.3071041 0.0035544 0.1990416 0.0068284 0.9799609
1654686238.594074 0.2742445 -0.6682485 -0.3044681 0.0039333 0.1914337 0.0060272 0.9814792
1654686239.045012 0.2529917 -0.6695709 -0.2994706 0.0046672 0.1761801 0.0044574 0.9843368
1654686239.245659 0.2445948 -0.6701133 -0.2982505 0.0049499 0.1705354 0.0042465 0.9853300
1654686240.244771 0.2010483 -0.6724259 -0.2905909 0.0065544 0.1396820 0.0017354 0.9901732
1654686240.445836 0.1933820 -0.6727580 -0.2896061 0.0068852 0.1346289 0.0013555 0.9908713
1654686240.644166 0.1853320 -0.6732780 -0.2885565 0.0071708 0.1286077 0.0007379 0.9916694
1654686242.444745 0.1117599 -0.6766961 -0.2838623 0.0096639 0.0775164 -0.0038822 0.9969367
1654686242.644788 0.1051522 -0.6769973 -0.2842499 0.0101222 0.0724657 -0.0038676 0.9973121
1654686243.144312 0.0876594 -0.6776342 -0.2834046 0.0106114 0.0602670 -0.0046278 0.9981152
1654686243.493877 0.0727570 -0.6782315 -0.2846139 0.0111351 0.0496874 -0.0057813 0.9986860
1654686243.694310 0.0654464 -0.6786577 -0.2843437 0.0112790 0.0450144 -0.0062723 0.9989030
1654686244.394106 0.0424820 -0.6793280 -0.2862143 0.0122078 0.0284277 -0.0075156 0.9994931
1654686244.994660 0.0341417 -0.6796110 -0.2871517 0.0124776 0.0227104 -0.0077902 0.9996339
1654686247.843907 0.0326760 -0.6720694 -0.2830189 0.0087397 0.0223649 -0.0081335 0.9996786
1654686250.094700 0.0308287 -0.6166266 -0.2687194 0.0094586 0.0195820 -0.0080856 0.9997308
1654686250.294810 0.0306189 -0.6104348 -0.2668482 0.0094155 0.0195357 -0.0078564 0.9997340
1654686251.594214 0.0285351 -0.5657213 -0.2596410 0.0107998 0.0178830 -0.0082439 0.9997478
1654686253.145413 0.0264803 -0.5033640 -0.2530485 0.0131793 0.0159148 -0.0077942 0.9997562
1654686253.444149 0.0261387 -0.4901524 -0.2521366 0.0134592 0.0154161 -0.0074573 0.9997628
1654686253.694298 0.0257274 -0.4789781 -0.2519678 0.0138129 0.0149523 -0.0072740 0.9997663
1654686253.944606 0.0252203 -0.4674014 -0.2516611 0.0141818 0.0146841 -0.0074011 0.9997642
1654686254.195039 0.0247575 -0.4555477 -0.2514676 0.0144766 0.0144024 -0.0075406 0.9997631
1654686254.344647 0.0244746 -0.4485878 -0.2513435 0.0147787 0.0140986 -0.0072144 0.9997653
1654686254.644559 0.0242395 -0.4344580 -0.2513949 0.0151176 0.0135565 -0.0070010 0.9997693
1654686254.795670 0.0236750 -0.4273100 -0.2513953 0.0153233 0.0135812 -0.0070114 0.9997658
1654686255.295238 0.0231701 -0.4028887 -0.2520299 0.0161410 0.0125574 -0.0066890 0.9997685
1654686255.794760 0.0223443 -0.3780184 -0.2534935 0.0168189 0.0118952 -0.0069916 0.9997634
1654686256.026215 0.0221855 -0.3681114 -0.2541491 0.0170410 0.0115200 -0.0067585 0.9997656
1654686256.195653 0.0218384 -0.3582408 -0.2558767 0.0170698 0.0111666 -0.0067228 0.9997693
1654686256.644759 0.0210567 -0.3349422 -0.2577188 0.0176538 0.0105107 -0.0060876 0.9997704
1654686257.045035 0.0201960 -0.3146278 -0.2602073 0.0174446 0.0099941 -0.0059035 0.9997805
1654686257.344700 0.0198998 -0.2987108 -0.2628785 0.0175609 0.0095340 -0.0059306 0.9997827
1654686257.694031 0.0196154 -0.2798900 -0.2656516 0.0174411 0.0086873 -0.0055176 0.9997950
1654686258.094639 0.0185510 -0.2582729 -0.2694249 0.0170402 0.0083424 -0.0051457 0.9998068
1654686258.195165 0.0190832 -0.2526012 -0.2703557 0.0171272 0.0078652 -0.0060864 0.9998038
1654686258.644441 0.0185839 -0.2353830 -0.2744253 0.0173508 0.0073102 -0.0045289 0.9998125
1654686258.843307 0.0181819 -0.2272788 -0.2752984 0.0167217 0.0073888 -0.0054335 0.9998181
1654686260.544282 0.0170561 -0.1807478 -0.2875170 0.0146262 0.0057145 -0.0044694 0.9998667
1654686261.244184 0.0170730 -0.1695832 -0.2895584 0.0139986 0.0053718 -0.0040408 0.9998794
1654686262.343513 0.0165211 -0.1522672 -0.2944454 0.0124897 0.0050220 -0.0036862 0.9999026
1654686262.544394 0.0164460 -0.1492715 -0.2954117 0.0121271 0.0051529 -0.0039910 0.9999052
1654686263.144947 0.0159401 -0.1406946 -0.2975682 0.0113632 0.0048541 -0.0036737 0.9999169
1654686264.294445 0.0158800 -0.1292140 -0.3012590 0.0100489 0.0045676 -0.0038572 0.9999316
1654686265.594517 0.0159478 -0.1244850 -0.3028873 0.0102630 0.0048595 -0.0029874 0.9999311
1654686266.644198 0.0152320 -0.1208394 -0.2962351 0.0090877 0.0045889 -0.0035695 0.9999418
1654686266.926054 0.0157515 -0.1199287 -0.2921591 0.0095022 0.0046023 -0.0027968 0.9999404
1654686267.127786 0.0152890 -0.1171793 -0.2890220 0.0085617 0.0039109 -0.0043997 0.9999460
1654686267.495615 0.0158187 -0.1155908 -0.2817056 0.0091081 0.0043889 -0.0027246 0.9999452
1654686268.195167 0.0154869 -0.1083965 -0.2655047 0.0080093 0.0048167 -0.0033775 0.9999506
1654686268.645282 0.0152943 -0.1053074 -0.2550402 0.0086504 0.0047966 -0.0017749 0.9999495
1654686269.244994 0.0148773 -0.0990385 -0.2394770 0.0081075 0.0047673 -0.0028308 0.9999518
1654686270.844639 0.0143290 -0.0808933 -0.1949914 0.0064612 0.0051550 -0.0019518 0.9999639
1654686271.145217 0.0142091 -0.0779009 -0.1862977 0.0063472 0.0052684 -0.0012800 0.9999652
1654686271.926102 0.0129345 -0.0682725 -0.1651619 0.0054577 0.0044116 -0.0029533 0.9999710
1654686272.444630 0.0125310 -0.0625812 -0.1495671 0.0054257 0.0045459 -0.0022825 0.9999723
1654686275.894089 0.0105294 -0.0226302 -0.0534956 0.0019615 0.0046110 -0.0020519 0.9999853
1654686278.944169 0.0124905 0.0020102 0.0096845 -0.0003443 0.0050427 0.0044643 0.9999773
1654686282.194645 0.0124209 0.0020998 0.0094301 0.0000116 0.0048391 0.0041508 0.9999797
1654686284.694478 0.0123775 0.0020758 0.0094162 -0.0000260 0.0049755 0.0044722 0.9999776
