1654673689.128385 0.0000000 0.0000000 0.0000000 -0.0000000 -0.0000000 -0.0000000 1.0000000
1654673724.028912 0.0008214 -0.0173738 -0.0396778 0.0020966 -0.0002505 -0.0011292 0.9999971
1654673724.420645 0.0003644 -0.0176819 -0.0409723 0.0017605 -0.0001367 -0.0003935 0.9999984
1654673727.026664 0.0137118 -0.0215486 -0.0506040 0.0020981 0.0075896 -0.0015129 0.9999679
1654673727.926728 0.0284005 -0.0213378 -0.0497666 0.0018944 0.0158677 0.0000184 0.9998723
1654673728.226701 0.0361721 -0.0206703 -0.0493877 0.0014430 0.0209292 -0.0001482 0.9997799
1654673728.426652 0.0414946 -0.0203488 -0.0488975 0.0011552 0.0241607 0.0001918 0.9997074
1654673729.626887 0.0698393 -0.0192757 -0.0485808 0.0005273 0.0414905 0.0021101 0.9991366
1654673730.077063 0.0799704 -0.0188764 -0.0488193 0.0001993 0.0477159 0.0025493 0.9988577
1654673730.676914 0.0948777 -0.0178598 -0.0491339 -0.0003641 0.0565270 0.0034562 0.9983950
1654673731.777043 0.1211384 -0.0167758 -0.0504812 -0.0008453 0.0727502 0.0052135 0.9973362
1654673732.027108 0.1271114 -0.0161543 -0.0508142 -0.0012015 0.0763106 0.0053803 0.9970689
1654673732.827659 0.1302235 -0.0160335 -0.0510544 -0.0012726 0.0781244 0.0060205 0.9969246
1654673733.976883 0.1309389 -0.0161200 -0.0511012 -0.0012334 0.0787531 0.0054616 0.9968784
1654673745.697395 0.0197197 -0.0380506 -0.0891973 0.0037722 0.0105390 -0.0005911 0.9999372
1654673745.944476 0.0199831 -0.0379772 -0.0890114 0.0032975 0.0110775 -0.0004578 0.9999331
1654673749.994467 0.0402374 -0.0371671 -0.0881744 0.0028529 0.0238063 0.0006355 0.9997123
1654673750.094687 0.0414043 -0.0371127 -0.0880371 0.0026536 0.0244090 0.0006905 0.9996983
1654673751.544435 0.0675429 -0.0358822 -0.0876384 0.0018503 0.0411327 0.0024045 0.9991491
1654673753.847214 0.1138450 -0.0335453 -0.0889008 0.0005940 0.0707218 0.0050259 0.9974833
1654673753.997066 0.1167608 -0.0333655 -0.0891832 0.0006021 0.0727500 0.0052084 0.9973364
1654673754.647490 0.1284100 -0.0326782 -0.0899124 0.0002231 0.0802696 0.0058071 0.9967563
1654673755.747136 0.1450028 -0.0317523 -0.0911837 -0.0004689 0.0909182 0.0068683 0.9958346
1654673755.896989 0.1457706 -0.0315295 -0.0911799 -0.0005853 0.0920433 0.0053691 0.9957404
1654673756.497222 0.1368380 -0.0325400 -0.0910261 0.0003999 0.0847053 0.0078042 0.9963754
1654673767.345733 0.0686001 -0.0540110 -0.1308362 0.0034984 0.0429318 0.0027730 0.9990680
1654673769.797710 0.0667501 -0.0755435 -0.1823676 0.0053068 0.0435228 0.0036432 0.9990317
1654673771.047277 0.0659769 -0.0860356 -0.2085411 0.0060929 0.0439833 0.0029303 0.9990094
1654673771.447426 0.0647581 -0.0892831 -0.2169499 0.0065553 0.0430931 0.0028964 0.9990454
1654673771.997495 0.0648313 -0.0938255 -0.2283061 0.0068279 0.0440295 0.0032629 0.9990016
1654673773.196203 0.0630366 -0.1034435 -0.2523252 0.0078993 0.0428215 0.0030292 0.9990469
1654673774.497445 0.0631409 -0.1080472 -0.2517533 0.0101240 0.0432974 0.0020334 0.9990089
1654673774.797297 0.0637716 -0.1174704 -0.2510850 0.0156851 0.0435917 0.0027297 0.9989226
1654673775.097249 0.0634194 -0.1237754 -0.2506003 0.0181705 0.0435237 0.0015545 0.9988859
1654673775.247286 0.0640591 -0.1277846 -0.2498638 0.0196740 0.0438158 0.0020156 0.9988439
1654673775.797193 0.0646102 -0.1429377 -0.2456465 0.0209791 0.0440740 0.0017032 0.9988065
1654673775.947486 0.0648978 -0.1470560 -0.2446615 0.0213908 0.0439739 0.0016014 0.9988024
1654673776.547938 0.0658807 -0.1649544 -0.2399133 0.0222641 0.0448819 0.0009489 0.9987438
1654673776.847225 0.0663989 -0.1747505 -0.2373658 0.0229713 0.0449555 0.0012298 0.9987241
1654673777.247345 0.0670994 -0.1876519 -0.2341458 0.0231726 0.0455697 0.0008951 0.9986920
1654673777.945750 0.0685030 -0.2102714 -0.2285232 0.0237338 0.0461416 0.0005737 0.9986528
1654673778.196921 0.0687982 -0.2183342 -0.2270508 0.0239219 0.0463768 0.0005105 0.9986374
1654673778.295466 0.0690384 -0.2215711 -0.2263376 0.0239215 0.0464302 0.0002100 0.9986351
1654673778.597278 0.0692720 -0.2318558 -0.2241876 0.0238977 0.0467398 0.0005088 0.9986210
1654673778.797682 0.0698969 -0.2390922 -0.2229751 0.0239846 0.0472013 0.0001110 0.9985974
1654673779.097238 0.0703253 -0.2498250 -0.2208901 0.0238043 0.0473929 -0.0001513 0.9985927
1654673779.347211 0.0708443 -0.2599257 -0.2194663 0.0239176 0.0476962 -0.0002810 0.9985754
1654673779.596702 0.0713363 -0.2699384 -0.2179335 0.0238630 0.0481969 -0.0006086 0.9985526
1654673779.897285 0.0720249 -0.2825085 -0.2161439 0.0237638 0.0483407 -0.0003715 0.9985482
1654673780.147303 0.0726253 -0.2935671 -0.2142807 0.0236350 0.0486200 -0.0002370 0.9985377
1654673780.346238 0.0730293 -0.3021120 -0.2134402 0.0233171 0.0489731 -0.0004178 0.9985278
1654673780.447606 0.0729764 -0.3063573 -0.2133283 0.0231028 0.0491608 -0.0005855 0.9985235
1654673780.847693 0.0739869 -0.3250499 -0.2113256 0.0227963 0.0496802 -0.0005802 0.9985048
1654673781.744815 0.0757709 -0.3668275 -0.2084135 0.0215289 0.0511516 -0.0013938 0.9984578
1654673782.044844 0.0763888 -0.3806016 -0.2072172 0.0209147 0.0516208 -0.0011493 0.9984471
1654673782.694855 0.0776709 -0.4102219 -0.2063719 0.0197249 0.0526512 -0.0013465 0.9984173
1654673782.794911 0.0776808 -0.4148173 -0.2062123 0.0194976 0.0529575 -0.0015352 0.9984052
1654673783.246599 0.0786313 -0.4347492 -0.2066834 0.0186275 0.0535621 -0.0013583 0.9983899
1654673783.596812 0.0792453 -0.4505410 -0.2075768 0.0179906 0.0540677 -0.0017659 0.9983737
1654673784.346766 0.0805611 -0.4832494 -0.2093993 0.0165977 0.0552415 -0.0017214 0.9983336
1654673784.797105 0.0811805 -0.5019885 -0.2107407 0.0157452 0.0560233 -0.0018046 0.9983037
1654673784.897066 0.0813062 -0.5062436 -0.2114721 0.0156281 0.0561389 -0.0019501 0.9982988
1654673785.546915 0.0824603 -0.5325611 -0.2142641 0.0144049 0.0569036 -0.0017770 0.9982742
1654673785.797500 0.0826255 -0.5424920 -0.2160480 0.0137538 0.0572516 -0.0018645 0.9982633
1654673786.797371 0.0844103 -0.5807623 -0.2220646 0.0120773 0.0585821 -0.0018667 0.9982078
1654673787.895107 0.0853396 -0.6168082 -0.2307741 0.0103513 0.0598835 -0.0016919 0.9981503
1654673793.497344 0.1611922 -0.6340684 -0.2394737 0.0054090 0.1149736 0.0027954 0.9933499
1654673793.797019 0.1700289 -0.6324981 -0.2391182 0.0040431 0.1215622 0.0029849 0.9925711
1654673794.145823 0.1801186 -0.6327819 -0.2410915 0.0046235 0.1286036 0.0038128 0.9916780
1654673794.547362 0.1924106 -0.6314701 -0.2422755 0.0035002 0.1378008 0.0042634 0.9904446
1654673794.997319 0.2073557 -0.6304059 -0.2439816 0.0027333 0.1485142 0.0052280 0.9888927
1654673795.097214 0.2107014 -0.6302363 -0.2446450 0.0026141 0.1511196 0.0053507 0.9884976
1654673795.695557 0.2321276 -0.6287943 -0.2483436 0.0017922 0.1665910 0.0064803 0.9860032
1654673795.947038 0.2413799 -0.6287512 -0.2509308 0.0020939 0.1731320 0.0075281 0.9848676
1654673796.397375 0.2581553 -0.6271709 -0.2540841 0.0010001 0.1855359 0.0081187 0.9826035
1654673796.547507 0.2639590 -0.6271043 -0.2558695 0.0012225 0.1896100 0.0088585 0.9818187
1654673796.647367 0.2679382 -0.6268113 -0.2568912 0.0010413 0.1925748 0.0088357 0.9812420
1654673796.997583 0.2818315 -0.6254316 -0.2599792 0.0000747 0.2027584 0.0098705 0.9791790
1654673798.297723 0.3350404 -0.6214274 -0.2772399 -0.0020195 0.2425478 0.0129417 0.9700511
1654673798.447314 0.3413072 -0.6210409 -0.2794361 -0.0021345 0.2471718 0.0132162 0.9688792
1654673799.397195 0.3815016 -0.6172863 -0.2975244 -0.0042219 0.2782325 0.0154149 0.9603808
1654673799.596537 0.3896242 -0.6166639 -0.3015958 -0.0042481 0.2845875 0.0159282 0.9585083
1654673799.947128 0.4048754 -0.6151460 -0.3080352 -0.0051397 0.2963462 0.0168335 0.9549184
1654673800.097545 0.4114347 -0.6146278 -0.3112144 -0.0053975 0.3014865 0.0172169 0.9532998
1654673800.547353 0.4308483 -0.6128345 -0.3209633 -0.0061610 0.3163485 0.0187383 0.9484379
1654673800.897617 0.4454257 -0.6116948 -0.3293085 -0.0066821 0.3279293 0.0193857 0.9444798
1654673801.347356 0.4645838 -0.6097400 -0.3408923 -0.0076471 0.3435590 0.0209803 0.9388656
1654673801.497355 0.4701126 -0.6090836 -0.3449866 -0.0077958 0.3486882 0.0214136 0.9369617
1654673802.097269 0.4948961 -0.6067255 -0.3612787 -0.0089378 0.3688000 0.0230611 0.9291797
1654673802.197371 0.4996026 -0.6064102 -0.3639491 -0.0092286 0.3721020 0.0233666 0.9278518
1654673802.897325 0.5271776 -0.6044364 -0.3840769 -0.0109072 0.3952857 0.0253146 0.9181446
1654673802.997180 0.5314834 -0.6037027 -0.3871267 -0.0110410 0.3985799 0.0255943 0.9167100
1654673803.344480 0.5450143 -0.6026995 -0.3981238 -0.0115991 0.4105678 0.0272440 0.9113492
1654673803.697190 0.5569046 -0.6004811 -0.4092533 -0.0123720 0.4219818 0.0277333 0.9060956
1654673804.547325 0.5874524 -0.5958943 -0.4382016 -0.0134995 0.4494450 0.0303664 0.8926896
1654673804.644610 0.5904684 -0.5955220 -0.4415453 -0.0138230 0.4526428 0.0304593 0.8910644
1654673804.844616 0.5967875 -0.5947394 -0.4485807 -0.0143128 0.4588949 0.0309406 0.8878363
1654673804.997143 0.6013895 -0.5939937 -0.4541945 -0.0144994 0.4638485 0.0313626 0.8852405
1654673805.094667 0.6050733 -0.5936510 -0.4577005 -0.0146063 0.4671861 0.0319841 0.8834596
1654673805.294496 0.6118306 -0.5924861 -0.4651636 -0.0150502 0.4737208 0.0322545 0.8799556
1654673805.344509 0.6138582 -0.5923053 -0.4668039 -0.0151210 0.4752575 0.0326773 0.8791097
1654673805.544476 0.6200501 -0.5911869 -0.4741012 -0.0156415 0.4816147 0.0330942 0.8756183
1654673805.694587 0.6246500 -0.5902746 -0.4793979 -0.0157415 0.4861447 0.0333215 0.8731009
1654673805.794678 0.6279446 -0.5897262 -0.4828932 -0.0161051 0.4890289 0.0331562 0.8714884
1654673805.944457 0.6327993 -0.5889758 -0.4888667 -0.0163510 0.4935734 0.0336858 0.8688978
1654673806.344427 0.6440502 -0.5869043 -0.5059835 -0.0169527 0.5063277 0.0348559 0.8614696
1654673806.494511 0.6482765 -0.5862194 -0.5118399 -0.0170602 0.5111002 0.0355521 0.8586161
1654673806.594687 0.6509209 -0.5857514 -0.5158409 -0.0173801 0.5139561 0.0357557 0.8568949
1654673806.844558 0.6580669 -0.5842695 -0.5248150 -0.0177447 0.5214992 0.0363921 0.8522907
1654673806.994481 0.6616620 -0.5832114 -0.5303593 -0.0176788 0.5264508 0.0369031 0.8492203
1654673807.097317 0.6644614 -0.5828134 -0.5341514 -0.0179243 0.5296265 0.0372715 0.8472221
1654673807.194690 0.6668220 -0.5822448 -0.5384342 -0.0182108 0.5327955 0.0371829 0.8452305
1654673807.247388 0.6678115 -0.5820306 -0.5405042 -0.0185360 0.5344015 0.0372354 0.8442068
1654673807.344514 0.6705540 -0.5811936 -0.5448721 -0.0185042 0.5372697 0.0372830 0.8423829
1654673807.497401 0.6746358 -0.5804977 -0.5513553 -0.0189541 0.5417487 0.0376408 0.8394834
1654673807.647348 0.6783290 -0.5794380 -0.5581199 -0.0190907 0.5458158 0.0376665 0.8368405
1654673807.794520 0.6822336 -0.5786968 -0.5641264 -0.0192789 0.5504189 0.0382563 0.8337888
1654673807.844505 0.6833568 -0.5784726 -0.5662107 -0.0193547 0.5519623 0.0385173 0.8327541
1654673807.944425 0.6857524 -0.5778310 -0.5705318 -0.0193772 0.5548367 0.0389099 0.8308230
1654673808.044518 0.6881094 -0.5773883 -0.5747386 -0.0194841 0.5579817 0.0394235 0.8286874
1654673808.094618 0.6891297 -0.5773867 -0.5767075 -0.0195751 0.5598116 0.0399624 0.8274242
1654673808.147403 0.6903501 -0.5772362 -0.5790191 -0.0195534 0.5611925 0.0404515 0.8264650
1654673808.294231 0.6938330 -0.5762516 -0.5857449 -0.0193900 0.5656374 0.0408932 0.8234113
1654673808.344254 0.6952304 -0.5760006 -0.5878725 -0.0197449 0.5672249 0.0408701 0.8223112
1654673808.594666 0.7014999 -0.5752753 -0.5986798 -0.0203087 0.5745697 0.0420077 0.8171246
1654673808.794480 0.7057375 -0.5747430 -0.6070023 -0.0204880 0.5803202 0.0429047 0.8129993
1654673808.894567 0.7081509 -0.5742330 -0.6111491 -0.0208065 0.5831627 0.0429838 0.8109506
1654673809.044448 0.7110717 -0.5733759 -0.6175859 -0.0211273 0.5874360 0.0430418 0.8078490
1654673809.194505 0.7141583 -0.5725113 -0.6244857 -0.0213489 0.5915390 0.0434085 0.8048239
1654673809.394701 0.7184257 -0.5711160 -0.6336064 -0.0219292 0.5971769 0.0432389 0.8006430
1654673809.494621 0.7203385 -0.5701481 -0.6383023 -0.0220036 0.5997887 0.0430029 0.7986990
1654673809.647271 0.7232559 -0.5686643 -0.6454867 -0.0218294 0.6035733 0.0427236 0.7958627
1654673809.744648 0.7250456 -0.5682728 -0.6500802 -0.0222751 0.6061610 0.0429110 0.7938711
1654673809.794449 0.7261507 -0.5684598 -0.6524819 -0.0226495 0.6072582 0.0433662 0.7929968
1654673809.894593 0.7278720 -0.5679046 -0.6567270 -0.0228760 0.6101246 0.0434689 0.7907813
1654673809.944426 0.7290598 -0.5677291 -0.6590691 -0.0229477 0.6113433 0.0436393 0.7898282
1654673810.047285 0.7311687 -0.5670672 -0.6637939 -0.0230324 0.6138231 0.0436081 0.7879017
1654673810.147333 0.7329736 -0.5666211 -0.6683697 -0.0232975 0.6166672 0.0438062 0.7856589
1654673810.197258 0.7339662 -0.5666310 -0.6707232 -0.0235155 0.6180222 0.0440659 0.7845724
1654673810.247375 0.7347962 -0.5663654 -0.6729294 -0.0234386 0.6194608 0.0442280 0.7834302
1654673810.447270 0.7381423 -0.5652224 -0.6820574 -0.0237378 0.6247222 0.0445078 0.7792161
1654673810.644464 0.7411098 -0.5641041 -0.6910287 -0.0237943 0.6296338 0.0448399 0.7752318
1654673810.744486 0.7424326 -0.5637817 -0.6957144 -0.0239930 0.6316732 0.0453485 0.7735353
1654673810.794591 0.7431391 -0.5634887 -0.6978449 -0.0240613 0.6328207 0.0451627 0.7726056
1654673810.897263 0.7447460 -0.5629826 -0.7023227 -0.0241419 0.6348619 0.0454638 0.7709089
1654673811.097460 0.7479018 -0.5620540 -0.7112309 -0.0245843 0.6395732 0.0459708 0.7669605
1654673811.244501 0.7501813 -0.5618013 -0.7185600 -0.0251541 0.6429854 0.0467101 0.7640387
1654673811.344459 0.7517415 -0.5613782 -0.7234585 -0.0251750 0.6453608 0.0471948 0.7620028
1654673811.444678 0.7531350 -0.5601743 -0.7282574 -0.0245395 0.6476721 0.0469399 0.7600759
1654673811.644731 0.7559093 -0.5589949 -0.7373561 -0.0241981 0.6519241 0.0477251 0.7563940
1654673811.747359 0.7564902 -0.5591512 -0.7411970 -0.0248783 0.6530630 0.0477620 0.7553864
1654673812.444642 0.7608414 -0.5580355 -0.7580929 -0.0256060 0.6632248 0.0492620 0.7463582
1654673813.694394 0.7614595 -0.5580200 -0.7536877 -0.0267784 0.6618900 0.0471854 0.7476350
1654673817.097330 0.7792870 -0.5607639 -0.7508450 -0.0266699 0.6603352 0.0489991 0.7488960
1654673818.297858 0.7768024 -0.5765808 -0.7532136 -0.0271879 0.6609824 0.0488942 0.7483131
1654673818.444569 0.7751700 -0.5816987 -0.7542152 -0.0258771 0.6606078 0.0488761 0.7486914
1654673818.844731 0.7743721 -0.5905712 -0.7550192 -0.0282961 0.6607695 0.0496121 0.7484128
1654673819.044494 0.7728537 -0.5967227 -0.7558296 -0.0280661 0.6606514 0.0496396 0.7485238
1654673819.345258 0.7710102 -0.6052193 -0.7567630 -0.0280133 0.6605065 0.0503464 0.7486066
1654673819.647338 0.7701811 -0.6122319 -0.7568413 -0.0293434 0.6608952 0.0511007 0.7481613
1654673819.747371 0.7692741 -0.6157317 -0.7573692 -0.0291293 0.6609145 0.0512592 0.7481417
1654673820.247264 0.7670396 -0.6284209 -0.7589104 -0.0304191 0.6615573 0.0519791 0.7474723
1654673820.547373 0.7647933 -0.6380752 -0.7607040 -0.0305812 0.6611507 0.0525583 0.7477849
1654673820.647480 0.7640670 -0.6403356 -0.7612338 -0.0303617 0.6612334 0.0525048 0.7477244
1654673820.797450 0.7637839 -0.6438640 -0.7614149 -0.0312648 0.6614585 0.0528206 0.7474658
1654673821.047696 0.7623800 -0.6508607 -0.7621822 -0.0320929 0.6616753 0.0530460 0.7472228
1654673821.197275 0.7611294 -0.6552669 -0.7627977 -0.0317230 0.6616175 0.0533030 0.7472716
1654673821.846756 0.7579502 -0.6699094 -0.7649611 -0.0329967 0.6619425 0.0535395 0.7469115
1654673822.147621 0.7560965 -0.6766505 -0.7663418 -0.0325730 0.6617388 0.0541841 0.7470642
1654673824.047490 0.7556102 -0.6762574 -0.7574109 -0.0343810 0.6578464 0.0543767 0.7503995
1654673824.696831 0.7525774 -0.6774383 -0.7468230 -0.0341095 0.6523528 0.0543572 0.7551938
1654673824.796936 0.7515680 -0.6785343 -0.7454048 -0.0333634 0.6513395 0.0541832 0.7561137
1654673825.247243 0.7497739 -0.6773279 -0.7344621 -0.0347238 0.6461297 0.0534841 0.7605591
1654673825.348190 0.7479270 -0.6786213 -0.7322778 -0.0335308 0.6441176 0.0531562 0.7623403
1654673825.495097 0.7463957 -0.6799861 -0.7285987 -0.0327057 0.6419839 0.0532359 0.7641681
1654673825.747267 0.7455534 -0.6788427 -0.7212844 -0.0344632 0.6389704 0.0530757 0.7666238
1654673825.847566 0.7447148 -0.6789311 -0.7187098 -0.0342615 0.6374334 0.0528923 0.7679240
1654673826.196425 0.7403758 -0.6818836 -0.7101575 -0.0321198 0.6314337 0.0526142 0.7729757
1654673826.297424 0.7400745 -0.6815581 -0.7062130 -0.0332268 0.6301376 0.0524447 0.7739974
1654673826.447249 0.7386832 -0.6810634 -0.7008241 -0.0340199 0.6270722 0.0517512 0.7764953
1654673826.597514 0.7363465 -0.6824939 -0.6956517 -0.0329881 0.6241819 0.0519490 0.7788517
1654673826.847439 0.7322165 -0.6840801 -0.6872137 -0.0315815 0.6188660 0.0513224 0.7831817
1654673826.947180 0.7315050 -0.6838736 -0.6834432 -0.0322289 0.6170318 0.0514191 0.7845949
1654673827.097597 0.7299517 -0.6837841 -0.6773961 -0.0331512 0.6147870 0.0510160 0.7863430
1654673827.247412 0.7275259 -0.6850247 -0.6732377 -0.0318641 0.6110044 0.0512017 0.7893267
1654673827.447326 0.7240092 -0.6868048 -0.6663337 -0.0308135 0.6071147 0.0509637 0.7923793
1654673827.597317 0.7223681 -0.6869641 -0.6607312 -0.0314624 0.6037531 0.0511477 0.7949064
1654673827.697620 0.7211076 -0.6871878 -0.6561618 -0.0320756 0.6023670 0.0513424 0.7959203
1654673827.847512 0.7185544 -0.6873930 -0.6508585 -0.0316419 0.5986027 0.0501999 0.7988452
1654673827.947317 0.7161448 -0.6888373 -0.6471924 -0.0308473 0.5963762 0.0504013 0.8005272
1654673828.097354 0.7134935 -0.6897371 -0.6421304 -0.0300142 0.5926246 0.0501481 0.8033558
1654673828.397255 0.7091812 -0.6899087 -0.6304566 -0.0312620 0.5862383 0.0493818 0.8080277
1654673828.497327 0.7074457 -0.6911868 -0.6269723 -0.0308752 0.5840346 0.0500689 0.8095946
1654673828.746993 0.7021318 -0.6929074 -0.6187171 -0.0291431 0.5778837 0.0495281 0.8140934
1654673828.847069 0.7008265 -0.6928564 -0.6149778 -0.0295196 0.5755604 0.0491815 0.8157451
1654673828.997462 0.6979197 -0.6933654 -0.6088443 -0.0300729 0.5726334 0.0495231 0.8177617
1654673829.147226 0.6946203 -0.6937941 -0.6034887 -0.0293522 0.5688615 0.0487916 0.8204598
1654673829.296632 0.6907953 -0.6945748 -0.5982758 -0.0279704 0.5651456 0.0481851 0.8231077
1654673829.347428 0.6898701 -0.6949186 -0.5967177 -0.0278282 0.5635660 0.0480149 0.8242048
1654673829.447658 0.6879288 -0.6952782 -0.5929651 -0.0278823 0.5612091 0.0478764 0.8258177
1654673829.647243 0.6846454 -0.6950365 -0.5858284 -0.0281047 0.5560004 0.0473290 0.8293574
1654673829.795930 0.6809874 -0.6959983 -0.5802983 -0.0276349 0.5524846 0.0469200 0.8317425
1654673829.895609 0.6787804 -0.6966769 -0.5771105 -0.0270995 0.5495425 0.0465498 0.8337277
1654673829.995307 0.6763113 -0.6976621 -0.5740618 -0.0267436 0.5468142 0.0466019 0.8355281
1654673830.145763 0.6733798 -0.6977947 -0.5685648 -0.0266250 0.5431711 0.0463692 0.8379177
1654673830.295171 0.6701643 -0.6976358 -0.5625027 -0.0266601 0.5401395 0.0459643 0.8398963
1654673830.696802 0.6608213 -0.6987059 -0.5496401 -0.0241336 0.5304377 0.0445378 0.8462090
1654673830.847353 0.6578697 -0.6987166 -0.5446447 -0.0242528 0.5267525 0.0442462 0.8485199
1654673830.997321 0.6547567 -0.6986294 -0.5393995 -0.0240515 0.5232469 0.0437545 0.8507172
1654673831.497787 0.6426903 -0.6999510 -0.5229070 -0.0223142 0.5104812 0.0422146 0.8585622
1654673831.697302 0.6378646 -0.7006207 -0.5162202 -0.0219869 0.5058572 0.0418308 0.8613217
1654673831.847752 0.6341684 -0.7017155 -0.5115194 -0.0215401 0.5020293 0.0415619 0.8635828
1654673832.047319 0.6296431 -0.7019128 -0.5055028 -0.0208330 0.4967691 0.0408597 0.8666700
1654673832.147533 0.6273455 -0.7022572 -0.5023111 -0.0211334 0.4944853 0.0406484 0.8679777
1654673832.297368 0.6237340 -0.7023328 -0.4975733 -0.0209106 0.4909775 0.0400467 0.8700001
1654673832.447365 0.6201106 -0.7028298 -0.4932304 -0.0202917 0.4870034 0.0393279 0.8722782
1654673832.597382 0.6162806 -0.7025404 -0.4888401 -0.0191263 0.4831786 0.0383294 0.8744733
1654673833.247231 0.5987616 -0.7049064 -0.4695389 -0.0178653 0.4671563 0.0369923 0.8832199
1654673833.446482 0.5943996 -0.7053198 -0.4633296 -0.0179599 0.4621582 0.0361228 0.8858795
1654673833.698096 0.5875616 -0.7066123 -0.4564016 -0.0174098 0.4560208 0.0358296 0.8890771
1654673834.297245 0.5717617 -0.7087144 -0.4410558 -0.0166787 0.4415835 0.0342441 0.8964113
1654673834.447143 0.5684603 -0.7090665 -0.4373671 -0.0163511 0.4378586 0.0333180 0.8982775
1654673834.697381 0.5621792 -0.7098740 -0.4306453 -0.0161111 0.4318023 0.0330923 0.9012170
1654673834.947353 0.5554508 -0.7103331 -0.4245459 -0.0158366 0.4252413 0.0318771 0.9043798
1654673835.147919 0.5494952 -0.7111036 -0.4203876 -0.0155036 0.4208830 0.0312264 0.9064447
1654673835.297699 0.5459940 -0.7114675 -0.4172726 -0.0152205 0.4173440 0.0311954 0.9080855
1654673835.396656 0.5433694 -0.7116115 -0.4151311 -0.0153681 0.4154276 0.0308951 0.9089715
1654673836.497300 0.5139796 -0.7150070 -0.3906232 -0.0140131 0.3888068 0.0275682 0.9208001
1654673836.697334 0.5091173 -0.7150705 -0.3868968 -0.0137254 0.3838957 0.0270698 0.9228775
1654673836.947269 0.5025310 -0.7164578 -0.3821697 -0.0134396 0.3783182 0.0268263 0.9251892
1654673837.447356 0.4875327 -0.7172781 -0.3721676 -0.0127780 0.3664400 0.0255860 0.9300021
1654673838.297419 0.4634310 -0.7190886 -0.3569602 -0.0114534 0.3459559 0.0233538 0.9378902
1654673838.847271 0.4461425 -0.7208196 -0.3477750 -0.0108663 0.3318893 0.0217349 0.9430053
1654673839.097089 0.4387289 -0.7213805 -0.3432894 -0.0104613 0.3259826 0.0213923 0.9450758
1654673839.397838 0.4302114 -0.7225088 -0.3389713 -0.0101827 0.3192502 0.0209818 0.9473835
1654673840.047296 0.4103814 -0.7243080 -0.3281932 -0.0093702 0.3035404 0.0195054 0.9525728
1654673840.347459 0.4015858 -0.7251136 -0.3240594 -0.0087386 0.2966064 0.0192789 0.9547653
1654673840.597276 0.3941852 -0.7259425 -0.3202146 -0.0086178 0.2907074 0.0185962 0.9565924
1654673841.697445 0.3663303 -0.7277830 -0.3067541 -0.0072120 0.2688659 0.0168679 0.9630029
1654673842.896805 0.3433700 -0.7298876 -0.2975512 -0.0063902 0.2514730 0.0151069 0.9677253
1654673843.847263 0.3243923 -0.7311135 -0.2902658 -0.0056359 0.2364713 0.0137520 0.9715248
1654673847.376447 0.3310719 -0.6642295 -0.2662477 -0.0062232 0.2354716 0.0139406 0.9717613
1654673848.425510 0.3325759 -0.6384835 -0.2584670 -0.0061644 0.2349029 0.0134162 0.9719067
1654673852.576481 0.3113939 -0.6149133 -0.2458073 -0.0010952 0.2178360 0.0117787 0.9759137
1654673854.276717 0.2735584 -0.6174849 -0.2349200 0.0001446 0.1906613 0.0097205 0.9816077
1654673854.926526 0.2561333 -0.6188048 -0.2309621 0.0007193 0.1783797 0.0089300 0.9839209
1654673855.326206 0.2459223 -0.6191444 -0.2285994 0.0006709 0.1714837 0.0078459 0.9851555
1654673860.025791 0.1117036 -0.6271741 -0.2137159 0.0060934 0.0770994 0.0000933 0.9970048
1654673862.077127 0.0536737 -0.6299761 -0.2144113 0.0079978 0.0367711 -0.0030683 0.9992870
1654673862.727167 0.0361207 -0.6305237 -0.2152883 0.0086990 0.0244695 -0.0038802 0.9996552
1654673862.927128 0.0301286 -0.6305994 -0.2159161 0.0087445 0.0203876 -0.0045068 0.9997438
1654673863.277059 0.0216745 -0.6310331 -0.2171072 0.0093102 0.0143001 -0.0047649 0.9998431
1654673863.726460 0.0101611 -0.6315349 -0.2184869 0.0096458 0.0060573 -0.0054094 0.9999205
1654673863.927041 0.0052998 -0.6315416 -0.2189837 0.0098754 0.0024732 -0.0063998 0.9999277
1654673866.126715 0.0058105 -0.6030061 -0.2096723 0.0074033 0.0036478 -0.0064931 0.9999449
1654673866.876854 0.0061719 -0.5797708 -0.2042951 0.0080043 0.0041146 -0.0066542 0.9999374
1654673867.427097 0.0053652 -0.5626956 -0.2012998 0.0091941 0.0029762 -0.0061356 0.9999345
1654673868.626726 0.0041175 -0.5233331 -0.1960101 0.0117281 0.0013865 -0.0053697 0.9999159
1654673869.026979 0.0028705 -0.5100462 -0.1946782 0.0126185 0.0001266 -0.0049927 0.9999079
1654673869.377049 0.0029170 -0.4968830 -0.1929047 0.0123117 0.0007746 -0.0056522 0.9999080
1654673869.927109 0.0018357 -0.4781113 -0.1916941 0.0135696 -0.0006067 -0.0053906 0.9998932
1654673870.377082 0.0014750 -0.4625618 -0.1911999 0.0145419 -0.0007414 -0.0049019 0.9998820
1654673870.627038 0.0008038 -0.4527835 -0.1903568 0.0144072 -0.0014676 -0.0056259 0.9998794
1654673871.227533 0.0003599 -0.4315437 -0.1896184 0.0151787 -0.0016802 -0.0052199 0.9998698
1654673871.327120 -0.0002479 -0.4276405 -0.1899897 0.0150792 -0.0018680 -0.0052607 0.9998707
1654673871.777168 -0.0004179 -0.4114057 -0.1899505 0.0162053 -0.0023053 -0.0050686 0.9998532
1654673872.827135 -0.0016653 -0.3720803 -0.1908653 0.0177647 -0.0036147 -0.0050370 0.9998230
1654673873.227071 -0.0024175 -0.3566109 -0.1919916 0.0177871 -0.0041159 -0.0048218 0.9998217
1654673873.476904 -0.0024923 -0.3471824 -0.1923986 0.0184687 -0.0043973 -0.0044931 0.9998097
1654673874.225278 -0.0030855 -0.3177815 -0.1949662 0.0189691 -0.0055679 -0.0040782 0.9997963
1654673874.476870 -0.0033727 -0.3073368 -0.1961908 0.0190105 -0.0057350 -0.0043501 0.9997934
1654673874.627157 -0.0034428 -0.3014772 -0.1966360 0.0191273 -0.0060378 -0.0042871 0.9997897
1654673874.877090 -0.0039767 -0.2915459 -0.1982355 0.0191387 -0.0062595 -0.0041190 0.9997888
1654673875.127116 -0.0039909 -0.2809794 -0.1996790 0.0190050 -0.0066056 -0.0042931 0.9997883
1654673875.477053 -0.0042245 -0.2666249 -0.2010674 0.0187818 -0.0069875 -0.0039684 0.9997913
1654673875.627013 -0.0044245 -0.2601867 -0.2020586 0.0184575 -0.0072553 -0.0038945 0.9997957
1654673875.826207 -0.0047687 -0.2516393 -0.2032852 0.0182901 -0.0074993 -0.0035927 0.9997981
1654673876.026643 -0.0047720 -0.2430356 -0.2044037 0.0180369 -0.0077061 -0.0037870 0.9998004
1654673876.426990 -0.0049018 -0.2256999 -0.2072725 0.0169991 -0.0083025 -0.0036512 0.9998144
1654673877.278014 -0.0057168 -0.1877165 -0.2152590 0.0159437 -0.0093955 -0.0029591 0.9998243
1654673878.276210 -0.0063898 -0.1501961 -0.2245136 0.0137539 -0.0104037 -0.0027872 0.9998474
1654673878.977671 -0.0064617 -0.1352148 -0.2287121 0.0130404 -0.0107564 -0.0023777 0.9998543
1654673880.177250 -0.0067846 -0.1135322 -0.2346501 0.0108827 -0.0115949 -0.0020245 0.9998715
1654673885.027064 -0.0085883 -0.0859055 -0.2191745 0.0066186 -0.0120103 -0.0028668 0.9999019
1654673885.527063 -0.0084580 -0.0835252 -0.2099866 0.0071630 -0.0117219 -0.0013636 0.9999048
1654673886.176201 -0.0089200 -0.0781273 -0.1977369 0.0066750 -0.0117014 -0.0013138 0.9999084
1654673886.975262 -0.0100672 -0.0707961 -0.1814474 0.0050149 -0.0119471 -0.0015373 0.9999149
1654673888.326583 -0.0121517 -0.0578943 -0.1513382 0.0044002 -0.0123379 -0.0024472 0.9999112
1654673888.477120 -0.0125154 -0.0571810 -0.1480536 0.0046016 -0.0120624 -0.0021232 0.9999144
1654673889.076935 -0.0134221 -0.0511464 -0.1343165 0.0038191 -0.0122099 -0.0024291 0.9999152
1654673889.526819 -0.0136127 -0.0472539 -0.1236712 0.0038487 -0.0121160 -0.0015543 0.9999180
1654673891.876560 -0.0174684 -0.0227121 -0.0669781 0.0015168 -0.0126383 -0.0031201 0.9999141
1654673892.576859 -0.0183047 -0.0153702 -0.0499592 0.0005878 -0.0125213 -0.0027832 0.9999176
1654673893.877614 -0.0201686 -0.0032078 -0.0206362 -0.0001833 -0.0128772 -0.0029191 0.9999128
1654673894.027202 -0.0204467 -0.0013646 -0.0178567 -0.0006447 -0.0130345 -0.0032174 0.9999097
1654673896.176336 -0.0152360 0.0079731 0.0154885 -0.0013557 -0.0172482 0.0083129 0.9998158
1654673896.477146 -0.0157061 0.0079923 0.0159607 -0.0001353 -0.0160621 0.0076572 0.9998417
1654673898.426560 -0.0156883 0.0080264 0.0161220 -0.0004359 -0.0156657 0.0080801 0.9998446
