1654674467.074912 0.0000000 0.0000000 0.0000000 -0.0000000 -0.0000000 -0.0000000 1.0000000
1654674488.032501 -0.0044392 -0.0198070 -0.0556351 0.0010961 0.0018235 -0.0095138 0.9999525
1654674488.185588 -0.0041526 -0.0209012 -0.0578994 0.0010811 0.0018949 -0.0092237 0.9999551
1654674490.632436 -0.0016090 -0.0234831 -0.0640524 0.0010340 0.0030287 -0.0084863 0.9999589
1654674491.284432 0.0141122 -0.0229729 -0.0630039 0.0008304 0.0126501 -0.0084736 0.9998838
1654674492.134026 0.0278829 -0.0226897 -0.0624407 0.0002867 0.0201737 -0.0073536 0.9997694
1654674492.484398 0.0369529 -0.0225864 -0.0619138 0.0002883 0.0258084 -0.0070247 0.9996422
1654674492.584208 0.0392015 -0.0225203 -0.0619146 0.0003013 0.0270593 -0.0069078 0.9996099
1654674493.432101 0.0594040 -0.0219538 -0.0615145 -0.0002823 0.0382493 -0.0058731 0.9992509
1654674494.535422 0.0914789 -0.0208569 -0.0620458 -0.0011068 0.0563377 -0.0042133 0.9984023
1654674494.984977 0.1049823 -0.0204672 -0.0624374 -0.0012208 0.0641794 -0.0035200 0.9979314
1654674495.432420 0.1172949 -0.0201366 -0.0631538 -0.0014886 0.0710022 -0.0028436 0.9974710
1654674496.134895 0.1384017 -0.0192279 -0.0648595 -0.0018993 0.0828377 -0.0014681 0.9965602
1654674496.534842 0.1495244 -0.0187921 -0.0660393 -0.0021367 0.0890161 -0.0008243 0.9960275
1654674496.732425 0.1549344 -0.0185090 -0.0666423 -0.0021006 0.0923331 -0.0007115 0.9957257
1654674496.935281 0.1595862 -0.0185664 -0.0670524 -0.0024762 0.0949666 -0.0008403 0.9954770
1654674497.132745 0.1619574 -0.0183194 -0.0672029 -0.0025785 0.0968645 -0.0014453 0.9952932
1654674501.485282 0.1070804 -0.0205194 -0.0627897 -0.0012655 0.0651570 -0.0029868 0.9978697
1654674516.685406 0.0975920 -0.0430191 -0.1154349 0.0005964 0.0628571 -0.0047968 0.9980109
1654674517.182463 0.1050454 -0.0431197 -0.1157885 0.0004931 0.0671328 -0.0037403 0.9977369
1654674517.382643 0.1108684 -0.0427436 -0.1161079 0.0002053 0.0705342 -0.0035503 0.9975030
1654674518.134750 0.1328826 -0.0419005 -0.1176688 -0.0002456 0.0839309 -0.0027477 0.9964678
1654674518.284720 0.1371573 -0.0419154 -0.1180713 -0.0002058 0.0865787 -0.0023280 0.9962423
1654674518.535528 0.1448279 -0.0416239 -0.1188884 -0.0003135 0.0911844 -0.0017844 0.9958324
1654674518.935203 0.1561364 -0.0409600 -0.1199528 -0.0006831 0.0977667 -0.0010451 0.9952086
1654674519.135311 0.1575923 -0.0410026 -0.1196546 -0.0008276 0.0993762 -0.0019056 0.9950478
1654674523.935333 0.0483859 -0.0444859 -0.1147271 0.0013805 0.0336032 -0.0071928 0.9994084
1654674531.035504 0.0277033 -0.0529836 -0.1336720 0.0026106 0.0214458 -0.0079261 0.9997352
1654674531.235200 0.0282699 -0.0542884 -0.1368329 0.0027869 0.0213931 -0.0079154 0.9997360
1654674534.035235 0.0274477 -0.0730827 -0.1807329 0.0040137 0.0212345 -0.0067945 0.9997434
1654674534.435281 0.0283554 -0.0761712 -0.1883795 0.0043300 0.0221344 -0.0068382 0.9997222
1654674536.685383 0.0267506 -0.0973560 -0.2404715 0.0060226 0.0211116 -0.0075077 0.9997308
1654674536.835386 0.0262922 -0.0985110 -0.2439624 0.0062307 0.0208277 -0.0075157 0.9997354
1654674537.332878 0.0268713 -0.1029179 -0.2546336 0.0065310 0.0215751 -0.0078582 0.9997150
1654674537.632947 0.0261336 -0.1056470 -0.2614291 0.0066214 0.0212015 -0.0073023 0.9997267
1654674538.782940 0.0258370 -0.1157705 -0.2866623 0.0073778 0.0211204 -0.0077866 0.9997194
1654674539.032876 0.0259479 -0.1178574 -0.2924199 0.0076526 0.0213189 -0.0080051 0.9997114
1654674539.182876 0.0257378 -0.1193777 -0.2959284 0.0075684 0.0215164 -0.0082271 0.9997060
1654674540.135039 0.0253034 -0.1272730 -0.3155173 0.0080755 0.0212815 -0.0079937 0.9997090
1654674541.785326 0.0253840 -0.1285610 -0.3184602 0.0079862 0.0208812 -0.0081093 0.9997172
1654674541.985453 0.0248489 -0.1335812 -0.3181174 0.0107300 0.0206755 -0.0083689 0.9996936
1654674542.185382 0.0252840 -0.1457772 -0.3178330 0.0178994 0.0210326 -0.0076737 0.9995891
1654674542.335415 0.0258349 -0.1545819 -0.3173567 0.0223498 0.0210345 -0.0069834 0.9995045
1654674542.885324 0.0258476 -0.1790664 -0.3104861 0.0246477 0.0219431 -0.0083549 0.9994205
1654674543.232912 0.0264494 -0.1954915 -0.3053588 0.0243621 0.0220114 -0.0086480 0.9994234
1654674543.432896 0.0268307 -0.2054501 -0.3031158 0.0247216 0.0222560 -0.0088096 0.9994078
1654674543.682974 0.0269532 -0.2183392 -0.3000080 0.0258515 0.0228122 -0.0083080 0.9993709
1654674543.832879 0.0272725 -0.2249770 -0.2983884 0.0256954 0.0226812 -0.0087910 0.9993738
1654674544.332878 0.0281613 -0.2490223 -0.2932367 0.0262069 0.0236868 -0.0090447 0.9993350
1654674544.632895 0.0280418 -0.2620886 -0.2904380 0.0262387 0.0237199 -0.0093459 0.9993306
1654674544.732863 0.0280219 -0.2665806 -0.2894353 0.0264388 0.0240694 -0.0097052 0.9993135
1654674545.133275 0.0284846 -0.2846181 -0.2864528 0.0263134 0.0248828 -0.0097547 0.9992964
1654674545.533046 0.0289131 -0.3024139 -0.2836457 0.0264558 0.0252878 -0.0099366 0.9992807
1654674545.634988 0.0290995 -0.3067129 -0.2830681 0.0263299 0.0256147 -0.0102375 0.9992726
1654674545.884835 0.0291886 -0.3176337 -0.2816198 0.0261260 0.0259953 -0.0104309 0.9992662
1654674545.984887 0.0291227 -0.3219645 -0.2811598 0.0260527 0.0259896 -0.0101128 0.9992715
1654674546.284819 0.0297143 -0.3346916 -0.2795557 0.0259260 0.0263227 -0.0107233 0.9992597
1654674546.484120 0.0298904 -0.3428226 -0.2785644 0.0256168 0.0265610 -0.0105619 0.9992631
1654674546.885034 0.0299735 -0.3576618 -0.2768441 0.0255189 0.0269910 -0.0111992 0.9992471
1654674547.285004 0.0303258 -0.3718324 -0.2757048 0.0248133 0.0275299 -0.0109250 0.9992533
1654674547.435021 0.0304529 -0.3766307 -0.2753738 0.0246646 0.0276481 -0.0108927 0.9992540
1654674547.634982 0.0304971 -0.3829601 -0.2746588 0.0245735 0.0280127 -0.0116148 0.9992380
1654674547.785147 0.0307234 -0.3879375 -0.2749521 0.0243383 0.0280893 -0.0115659 0.9992422
1654674548.135070 0.0310696 -0.3990254 -0.2737409 0.0240026 0.0283393 -0.0113376 0.9992458
1654674548.535059 0.0312012 -0.4107445 -0.2737843 0.0237237 0.0287097 -0.0112937 0.9992424
1654674549.235279 0.0315962 -0.4270224 -0.2733142 0.0231741 0.0293738 -0.0116976 0.9992313
1654674549.785252 0.0313157 -0.4269914 -0.2719505 0.0204795 0.0295386 -0.0123867 0.9992771
1654674549.885323 0.0318735 -0.4280955 -0.2729258 0.0217308 0.0291288 -0.0113151 0.9992754
1654674550.835365 0.0367736 -0.4264650 -0.2719365 0.0196876 0.0329223 -0.0124710 0.9991862
1654674551.635297 0.0673694 -0.4269573 -0.2713135 0.0206120 0.0540035 -0.0093476 0.9982842
1654674551.785299 0.0738449 -0.4268283 -0.2711363 0.0204029 0.0587036 -0.0093152 0.9980235
1654674552.035352 0.0865575 -0.4250755 -0.2708845 0.0185662 0.0685735 -0.0094074 0.9974290
1654674552.435474 0.1062469 -0.4253835 -0.2718316 0.0186670 0.0826545 -0.0079583 0.9963716
1654674552.535648 0.1105753 -0.4246551 -0.2718934 0.0178779 0.0855559 -0.0082652 0.9961387
1654674552.635320 0.1155739 -0.4245295 -0.2720642 0.0176899 0.0887894 -0.0081397 0.9958600
1654674552.785325 0.1235603 -0.4248155 -0.2726904 0.0188327 0.0943757 -0.0065402 0.9953370
1654674552.935393 0.1318371 -0.4248455 -0.2732469 0.0186167 0.1000581 -0.0061347 0.9947885
1654674553.635442 0.1667213 -0.4230886 -0.2767386 0.0162706 0.1256124 -0.0058659 0.9919286
1654674553.785236 0.1749738 -0.4225813 -0.2779762 0.0157792 0.1311276 -0.0052294 0.9912261
1654674553.884438 0.1802889 -0.4230082 -0.2791579 0.0161641 0.1350982 -0.0050642 0.9906874
1654674553.983142 0.1854866 -0.4230555 -0.2797937 0.0166345 0.1388452 -0.0038705 0.9901668
1654674554.132911 0.1929109 -0.4225437 -0.2811570 0.0160032 0.1442322 -0.0039962 0.9894064
1654674554.282948 0.2000913 -0.4215688 -0.2822124 0.0148918 0.1495706 -0.0040745 0.9886305
1654674554.585269 0.2152472 -0.4219855 -0.2857006 0.0156520 0.1603691 -0.0022492 0.9869304
1654674554.983900 0.2361294 -0.4202522 -0.2898447 0.0142179 0.1754577 -0.0016194 0.9843830
1654674555.184870 0.2462938 -0.4205011 -0.2927968 0.0145643 0.1826660 -0.0009326 0.9830667
1654674555.485281 0.2611491 -0.4189203 -0.2958348 0.0130168 0.1936239 -0.0007771 0.9809892
1654674555.535258 0.2636335 -0.4189606 -0.2967802 0.0132002 0.1953958 -0.0000796 0.9806356
1654674555.635366 0.2691810 -0.4191453 -0.2983932 0.0134160 0.1991889 0.0002852 0.9798692
1654674555.735335 0.2745550 -0.4191194 -0.2998155 0.0135070 0.2031338 0.0002839 0.9790578
1654674555.835396 0.2797418 -0.4186032 -0.3011928 0.0130940 0.2068864 0.0005967 0.9782772
1654674556.035382 0.2899021 -0.4173192 -0.3040512 0.0121132 0.2141789 0.0005666 0.9767192
1654674556.385391 0.3074237 -0.4171668 -0.3100841 0.0121641 0.2268279 0.0016929 0.9738574
1654674556.535322 0.3151016 -0.4160996 -0.3122561 0.0112864 0.2326695 0.0017547 0.9724888
1654674556.635356 0.3203160 -0.4158864 -0.3140632 0.0110668 0.2365554 0.0022387 0.9715524
1654674556.835377 0.3304881 -0.4159543 -0.3184378 0.0113390 0.2438232 0.0031292 0.9697484
1654674556.985354 0.3381184 -0.4153063 -0.3206565 0.0109641 0.2493275 0.0034083 0.9683512
1654674557.185282 0.3478110 -0.4141426 -0.3247468 0.0101410 0.2568013 0.0034460 0.9664049
1654674557.235235 0.3498981 -0.4140266 -0.3262068 0.0101623 0.2585124 0.0038363 0.9659469
1654674557.485399 0.3627858 -0.4136861 -0.3317953 0.0102436 0.2678762 0.0046259 0.9633878
1654674557.585360 0.3678905 -0.4130728 -0.3338811 0.0098741 0.2720198 0.0049112 0.9622285
1654674557.735804 0.3754117 -0.4121860 -0.3372884 0.0091925 0.2777796 0.0050956 0.9605874
1654674557.785631 0.3778591 -0.4121353 -0.3385834 0.0091973 0.2793971 0.0054504 0.9601161
1654674557.985261 0.3869881 -0.4116607 -0.3447687 0.0094310 0.2868188 0.0058447 0.9579206
1654674558.235283 0.3989570 -0.4103161 -0.3501368 0.0085682 0.2958288 0.0066606 0.9551793
1654674558.435492 0.4087446 -0.4099736 -0.3553435 0.0082969 0.3032378 0.0071583 0.9528519
1654674558.885379 0.4304494 -0.4079672 -0.3669253 0.0073277 0.3201648 0.0084546 0.9472958
1654674559.685374 0.4654881 -0.4055152 -0.3928883 0.0064359 0.3494190 0.0106340 0.9368842
1654674559.885379 0.4731233 -0.4035845 -0.3995385 0.0057460 0.3568280 0.0106224 0.9340920
1654674559.985366 0.4772117 -0.4033557 -0.4024192 0.0054567 0.3604221 0.0110640 0.9327078
1654674560.135319 0.4846564 -0.4033063 -0.4059497 0.0054187 0.3655693 0.0115048 0.9306973
1654674560.534392 0.5000336 -0.4019356 -0.4218074 0.0043665 0.3805817 0.0125900 0.9246513
1654674561.085028 0.5229629 -0.3991117 -0.4393339 0.0034830 0.3998503 0.0140094 0.9164668
1654674562.185466 0.5658375 -0.3956143 -0.4816863 0.0017058 0.4387080 0.0179146 0.8984495
1654674562.485299 0.5832958 -0.3899964 -0.4991513 0.0020556 0.4481071 0.0182774 0.8937907
1654674563.085300 0.6048660 -0.3888150 -0.5202338 0.0005427 0.4690142 0.0197448 0.8829697
1654674563.185294 0.6066239 -0.3890342 -0.5251061 0.0001664 0.4727416 0.0200868 0.8809721
1654674563.535422 0.6189354 -0.3926114 -0.5387212 -0.0010191 0.4848952 0.0218419 0.8742989
1654674563.835351 0.6298201 -0.3860460 -0.5544531 -0.0011159 0.4940718 0.0215784 0.8691525
1654674563.985324 0.6372135 -0.3850758 -0.5612649 -0.0015680 0.4990158 0.0215335 0.8663239
1654674564.085351 0.6404808 -0.3840393 -0.5666182 -0.0012171 0.5021307 0.0222686 0.8645042
1654674564.135379 0.6418290 -0.3838308 -0.5692496 -0.0014318 0.5041355 0.0221385 0.8633397
1654674564.435401 0.6526843 -0.3833830 -0.5840989 -0.0024002 0.5138283 0.0231120 0.8575784
1654674564.684556 0.6596398 -0.3844419 -0.5956528 -0.0028128 0.5219260 0.0240551 0.8526469
1654674565.135320 0.6723230 -0.3809749 -0.6191640 -0.0031013 0.5364003 0.0256353 0.8435686
1654674565.235357 0.6764940 -0.3805756 -0.6242909 -0.0034941 0.5396644 0.0257178 0.8414801
1654674565.435360 0.6830218 -0.3781878 -0.6344478 -0.0037130 0.5461235 0.0260658 0.8372908
1654674565.635358 0.6896973 -0.3774236 -0.6448299 -0.0041994 0.5519352 0.0266330 0.8334510
1654674565.785301 0.6941181 -0.3770958 -0.6526467 -0.0043702 0.5564817 0.0270542 0.8304078
1654674566.084501 0.7019264 -0.3754122 -0.6684248 -0.0051161 0.5663350 0.0278415 0.8236889
1654674566.433020 0.7125471 -0.3726298 -0.6863363 -0.0056362 0.5772724 0.0282819 0.8160423
1654674566.585317 0.7156591 -0.3702631 -0.6940205 -0.0057161 0.5816312 0.0283965 0.8129367
1654674566.685457 0.7199956 -0.3696849 -0.6992708 -0.0062407 0.5846981 0.0283253 0.8107323
1654674566.785316 0.7214148 -0.3685391 -0.7051612 -0.0059735 0.5877895 0.0285922 0.8084864
1654674566.935661 0.7258358 -0.3675363 -0.7138718 -0.0061763 0.5925233 0.0289996 0.8050075
1654674567.035323 0.7285088 -0.3662944 -0.7202202 -0.0062362 0.5953912 0.0292260 0.8028801
1654674567.135498 0.7310877 -0.3653829 -0.7264248 -0.0062240 0.5981956 0.0297370 0.8007740
1654674567.335540 0.7359669 -0.3640757 -0.7379990 -0.0067719 0.6043595 0.0297717 0.7961265
1654674567.435486 0.7383134 -0.3635714 -0.7432938 -0.0067001 0.6071998 0.0302166 0.7939461
1654674567.735616 0.7441801 -0.3627552 -0.7579277 -0.0076598 0.6163636 0.0308113 0.7868214
1654674567.935315 0.7459813 -0.3624060 -0.7688228 -0.0074834 0.6226013 0.0321644 0.7818421
1654674568.035381 0.7469278 -0.3620588 -0.7745925 -0.0078384 0.6258337 0.0321014 0.7792562
1654674568.135784 0.7494001 -0.3620789 -0.7801623 -0.0084046 0.6290096 0.0322475 0.7766829
1654674568.234423 0.7514607 -0.3614419 -0.7858044 -0.0085423 0.6317819 0.0326023 0.7744132
1654674568.435394 0.7545699 -0.3597790 -0.7969508 -0.0085463 0.6375199 0.0332308 0.7696695
1654674568.835497 0.7606848 -0.3573253 -0.8186051 -0.0091884 0.6481876 0.0340368 0.7606642
1654674568.935367 0.7620572 -0.3570499 -0.8230503 -0.0094691 0.6507287 0.0341857 0.7584813
1654674569.185324 0.7638534 -0.3570926 -0.8311955 -0.0099129 0.6547205 0.0344563 0.7550203
1654674569.285496 0.7644703 -0.3569456 -0.8337404 -0.0098858 0.6558279 0.0346776 0.7540488
1654674569.435264 0.7655663 -0.3572163 -0.8377782 -0.0102906 0.6581092 0.0351033 0.7520334
1654674569.535488 0.7653826 -0.3571294 -0.8404612 -0.0103204 0.6593031 0.0350853 0.7509874
1654674570.435332 0.7724343 -0.3538370 -0.8676805 -0.0108938 0.6716422 0.0361103 0.7399150
1654674570.784718 0.7712687 -0.3540568 -0.8658565 -0.0107185 0.6691586 0.0357874 0.7421800
1654674570.933565 0.7711071 -0.3543983 -0.8649258 -0.0105065 0.6684620 0.0363733 0.7427821
1654674576.185252 0.7848127 -0.3764822 -0.8631741 -0.0108732 0.6704572 0.0342480 0.7410776
1654674577.333296 0.7887471 -0.4043335 -0.8685706 -0.0123968 0.6706254 0.0351103 0.7408611
1654674577.435230 0.7896692 -0.4075413 -0.8692399 -0.0124553 0.6704031 0.0355235 0.7410416
1654674577.585256 0.7904707 -0.4128788 -0.8697959 -0.0127442 0.6704447 0.0357161 0.7409898
1654674577.735446 0.7914613 -0.4180263 -0.8705727 -0.0130367 0.6704658 0.0364016 0.7409323
1654674578.086325 0.7919636 -0.4277645 -0.8716111 -0.0141054 0.6703593 0.0367185 0.7409935
1654674578.835452 0.7918347 -0.4467460 -0.8711810 -0.0142978 0.6714525 0.0366288 0.7400037
1654674578.985297 0.7927733 -0.4513765 -0.8705302 -0.0140955 0.6717790 0.0371921 0.7396830
1654674579.135318 0.7923582 -0.4561640 -0.8702222 -0.0144812 0.6719373 0.0373385 0.7395244
1654674579.285636 0.7915549 -0.4605032 -0.8703412 -0.0144317 0.6721138 0.0375376 0.7393550
1654674579.585285 0.7904904 -0.4704033 -0.8717934 -0.0149562 0.6721987 0.0375592 0.7392663
1654674579.885364 0.7913746 -0.4808548 -0.8730040 -0.0151308 0.6723436 0.0385822 0.7390782
1654674580.335688 0.7938032 -0.4962447 -0.8762970 -0.0162495 0.6719926 0.0389361 0.7393550
1654674581.285591 0.7944375 -0.5256455 -0.8794948 -0.0171767 0.6725882 0.0397028 0.7387515
1654674581.585422 0.7940646 -0.5352073 -0.8798612 -0.0173823 0.6730065 0.0402115 0.7383381
1654674581.735553 0.7931354 -0.5402783 -0.8803813 -0.0175851 0.6731017 0.0404813 0.7382319
1654674582.085743 0.7928019 -0.5526967 -0.8815078 -0.0183317 0.6733570 0.0411785 0.7379422
1654674582.535599 0.7924894 -0.5675079 -0.8847053 -0.0203410 0.6731690 0.0403013 0.7381095
1654674582.935387 0.7915696 -0.5797036 -0.8857388 -0.0203664 0.6735212 0.0410174 0.7377479
1654674583.133045 0.7911948 -0.5856242 -0.8860323 -0.0199305 0.6735972 0.0417423 0.7376499
1654674583.233413 0.7910447 -0.5886661 -0.8862739 -0.0198805 0.6737276 0.0420602 0.7375140
1654674583.535424 0.7902620 -0.5979153 -0.8874592 -0.0202642 0.6738645 0.0422116 0.7373698
1654674583.785336 0.7892095 -0.6057735 -0.8886490 -0.0207985 0.6739752 0.0422734 0.7372501
1654674584.035690 0.7882438 -0.6138849 -0.8900542 -0.0212091 0.6739705 0.0423947 0.7372358
1654674584.435391 0.7867918 -0.6269788 -0.8915716 -0.0219341 0.6742339 0.0430880 0.7369335
1654674584.835614 0.7849869 -0.6400937 -0.8933688 -0.0226531 0.6741318 0.0435338 0.7369789
1654674584.935490 0.7843757 -0.6431306 -0.8936898 -0.0228015 0.6742274 0.0434204 0.7368937
1654674585.385722 0.7821652 -0.6571676 -0.8947312 -0.0231524 0.6747773 0.0442483 0.7363300
1654674586.585298 0.7754193 -0.6946595 -0.8979492 -0.0247105 0.6759642 0.0452337 0.7351297
1654674586.685799 0.7745324 -0.6979454 -0.8981900 -0.0247295 0.6760487 0.0454857 0.7350358
1654674586.785338 0.7738546 -0.7006980 -0.8983659 -0.0250692 0.6761141 0.0454865 0.7349641
1654674587.085554 0.7719970 -0.7079476 -0.8995601 -0.0253641 0.6759974 0.0458526 0.7350386
1654674587.733301 0.7700419 -0.7176494 -0.8990258 -0.0250260 0.6771812 0.0459309 0.7339548
1654674589.035093 0.7694632 -0.7206595 -0.8979169 -0.0254614 0.6760177 0.0492040 0.7347998
1654674589.434979 0.7665508 -0.7215821 -0.8840380 -0.0267093 0.6700242 0.0476801 0.7403248
1654674589.585080 0.7650925 -0.7228499 -0.8794303 -0.0260569 0.6669741 0.0476013 0.7431021
1654674589.935344 0.7632169 -0.7235622 -0.8683966 -0.0274376 0.6632550 0.0464322 0.7464477
1654674590.285191 0.7598675 -0.7241871 -0.8541148 -0.0265640 0.6596162 0.0448498 0.7497928
1654674590.585043 0.7564771 -0.7248272 -0.8428388 -0.0277027 0.6511930 0.0438576 0.7571372
1654674590.935069 0.7509764 -0.7257908 -0.8277450 -0.0257562 0.6440458 0.0428557 0.7633511
1654674591.034973 0.7496996 -0.7260958 -0.8233398 -0.0262023 0.6419289 0.0427437 0.7651234
1654674591.335135 0.7473318 -0.7248983 -0.8143266 -0.0249821 0.6342448 0.0408518 0.7716479
1654674591.535032 0.7453907 -0.7248198 -0.8069130 -0.0241184 0.6303833 0.0403524 0.7748593
1654674591.785214 0.7404528 -0.7247086 -0.7970419 -0.0236404 0.6247829 0.0398008 0.7794250
1654674591.935293 0.7373183 -0.7245771 -0.7909440 -0.0225551 0.6209592 0.0387796 0.7825581
1654674592.085492 0.7339599 -0.7264083 -0.7847589 -0.0225789 0.6177935 0.0390329 0.7850464
1654674592.235359 0.7310541 -0.7261489 -0.7786889 -0.0223953 0.6142364 0.0380240 0.7878872
1654674592.386057 0.7286007 -0.7265923 -0.7723798 -0.0226439 0.6113826 0.0379573 0.7900999
1654674592.535254 0.7260075 -0.7275673 -0.7666580 -0.0219964 0.6077411 0.0380014 0.7929205
1654674592.785287 0.7231460 -0.7304704 -0.7569757 -0.0224270 0.6021214 0.0386122 0.7971550
1654674592.935603 0.7215194 -0.7325221 -0.7509128 -0.0230704 0.5991071 0.0395846 0.7993569
1654674593.034453 0.7197112 -0.7338114 -0.7464514 -0.0234572 0.5971243 0.0399625 0.8008092
1654674593.284594 0.7140791 -0.7330732 -0.7366476 -0.0221491 0.5909417 0.0373687 0.8055438
1654674593.385070 0.7122289 -0.7332263 -0.7321924 -0.0225199 0.5886763 0.0362524 0.8072416
1654674593.435062 0.7114767 -0.7327763 -0.7302414 -0.0221924 0.5874849 0.0358445 0.8081362
1654674593.585164 0.7088562 -0.7318886 -0.7246590 -0.0219617 0.5837168 0.0346099 0.8109220
1654674593.685334 0.7061908 -0.7315806 -0.7201486 -0.0220246 0.5816287 0.0335015 0.8124657
1654674593.785090 0.7043222 -0.7322816 -0.7171150 -0.0214696 0.5790312 0.0339588 0.8143149
1654674593.835135 0.7034158 -0.7326446 -0.7153417 -0.0213643 0.5777457 0.0340180 0.8152277
1654674593.885035 0.7020677 -0.7327892 -0.7133330 -0.0209986 0.5767293 0.0339815 0.8159581
1654674594.084342 0.6974420 -0.7326492 -0.7064506 -0.0196474 0.5723020 0.0346229 0.8190761
1654674594.184330 0.6954539 -0.7337707 -0.7035797 -0.0198719 0.5695421 0.0352598 0.8209651
1654674594.333966 0.6914306 -0.7350885 -0.6975807 -0.0194867 0.5666838 0.0358795 0.8229231
1654674594.484957 0.6881624 -0.7362683 -0.6916646 -0.0194114 0.5633516 0.0355905 0.8252221
1654674594.584809 0.6858941 -0.7365389 -0.6876252 -0.0193784 0.5610247 0.0351501 0.8268253
1654674594.634855 0.6848788 -0.7364143 -0.6852070 -0.0194129 0.5601149 0.0348461 0.8274540
1654674594.734913 0.6830238 -0.7365333 -0.6811644 -0.0197009 0.5577922 0.0339683 0.8290512
1654674594.834892 0.6808522 -0.7369370 -0.6776261 -0.0194479 0.5552206 0.0340835 0.8307769
1654674594.934841 0.6785231 -0.7379234 -0.6737909 -0.0196659 0.5528769 0.0337830 0.8323455
1654674595.135385 0.6745890 -0.7394056 -0.6662494 -0.0193981 0.5478370 0.0337002 0.8356809
1654674595.435424 0.6676924 -0.7412022 -0.6556090 -0.0197022 0.5405878 0.0332641 0.8403988
1654674596.285259 0.6462040 -0.7439805 -0.6256480 -0.0180292 0.5205621 0.0310709 0.8530678
1654674596.585386 0.6389322 -0.7450398 -0.6146963 -0.0179214 0.5137346 0.0305837 0.8572165
1654674596.785342 0.6339372 -0.7457533 -0.6079388 -0.0177734 0.5092433 0.0297199 0.8599256
1654674597.335311 0.6220134 -0.7471033 -0.5933346 -0.0185611 0.4994162 0.0260160 0.8657726
1654674599.285334 0.6304851 -0.7242357 -0.5911994 -0.0185354 0.5002950 0.0296302 0.8651493
1654674600.282901 0.6378778 -0.6931473 -0.5862130 -0.0183719 0.5007466 0.0296123 0.8648921
1654674600.432865 0.6378472 -0.6888377 -0.5848047 -0.0176572 0.5002211 0.0296714 0.8652090
1654674600.532911 0.6380771 -0.6850877 -0.5838295 -0.0176324 0.4996771 0.0290878 0.8655437
1654674601.082912 0.6415631 -0.6653132 -0.5810876 -0.0167363 0.4999014 0.0288133 0.8654411
1654674601.282979 0.6431303 -0.6578128 -0.5794040 -0.0171712 0.5000165 0.0286599 0.8653712
1654674602.634705 0.6485142 -0.6087398 -0.5687404 -0.0150498 0.4985705 0.0277850 0.8662730
1654674602.834601 0.6480774 -0.6019031 -0.5679665 -0.0141564 0.4979749 0.0278388 0.8666289
1654674602.984873 0.6483186 -0.5963117 -0.5675942 -0.0138768 0.4978077 0.0272684 0.8667476
1654674603.384880 0.6501913 -0.5810027 -0.5651178 -0.0134969 0.4979395 0.0270984 0.8666832
1654674603.534745 0.6507665 -0.5758912 -0.5637446 -0.0130436 0.4978614 0.0271340 0.8667339
1654674603.885000 0.6503623 -0.5622231 -0.5604724 -0.0126907 0.4973012 0.0270354 0.8670638
1654674604.135234 0.6507695 -0.5535118 -0.5590351 -0.0118467 0.4972246 0.0270015 0.8671207
1654674604.635028 0.6515029 -0.5354921 -0.5554857 -0.0113975 0.4968095 0.0264471 0.8673818
1654674605.185282 0.6513301 -0.5142394 -0.5549799 -0.0107038 0.4962363 0.0256925 0.8677413
1654674605.785331 0.6495203 -0.5099156 -0.5544171 -0.0084911 0.4959513 0.0252519 0.8679416
1654674608.109020 0.6496859 -0.5097300 -0.5549742 -0.0077854 0.4955621 0.0248124 0.8681831
1654674608.727369 0.7013098 -0.5006278 -0.6355309 -0.0099949 0.5464647 0.0281887 0.8369480
1654674609.077307 0.7104546 -0.4974557 -0.6510782 -0.0119563 0.5571409 0.0286142 0.8298387
1654674609.277373 0.7153895 -0.4968628 -0.6626165 -0.0109510 0.5630936 0.0293688 0.8257985
1654674609.427204 0.7196769 -0.4961586 -0.6707060 -0.0109144 0.5679577 0.0305013 0.8224200
1654674609.626597 0.7262681 -0.4935210 -0.6815060 -0.0126480 0.5740665 0.0298317 0.8181674
1654674609.776582 0.7301460 -0.4932691 -0.6896530 -0.0122774 0.5787278 0.0307013 0.8148502
1654674609.977215 0.7374783 -0.4934241 -0.7001774 -0.0120039 0.5846961 0.0320044 0.8105320
1654674610.227284 0.7441046 -0.4913213 -0.7129922 -0.0136455 0.5927098 0.0324157 0.8046478
1654674610.477759 0.7498619 -0.4910376 -0.7278666 -0.0130890 0.6007708 0.0332023 0.7986243
1654674610.677661 0.7565572 -0.4895599 -0.7394372 -0.0142501 0.6070302 0.0333817 0.7938495
1654674610.978500 0.7626197 -0.4878090 -0.7567924 -0.0138267 0.6161049 0.0350686 0.7867616
1654674611.127794 0.7650701 -0.4866984 -0.7659374 -0.0138577 0.6206993 0.0352267 0.7831343
1654674611.327845 0.7682144 -0.4841671 -0.7785832 -0.0148418 0.6274122 0.0355552 0.7777336
1654674611.577812 0.7737061 -0.4832402 -0.7943728 -0.0141143 0.6352131 0.0370045 0.7713208
1654674611.727849 0.7761994 -0.4826096 -0.8035812 -0.0141425 0.6400324 0.0376421 0.7672949
1654674611.927782 0.7807072 -0.4810331 -0.8153970 -0.0146553 0.6460642 0.0389108 0.7621497
1654674612.177835 0.7857940 -0.4804827 -0.8320867 -0.0147884 0.6536780 0.0396647 0.7555879
1654674612.527725 0.7910360 -0.4772291 -0.8553393 -0.0167688 0.6646108 0.0395328 0.7459548
1654674612.777950 0.7923515 -0.4755136 -0.8718039 -0.0164857 0.6718561 0.0396910 0.7394337
1654674613.078160 0.7981449 -0.4731423 -0.8903383 -0.0180511 0.6806745 0.0402222 0.7312582
1654674613.327872 0.8022300 -0.4719514 -0.9065883 -0.0177056 0.6879686 0.0410826 0.7243603
1654674613.577887 0.8051307 -0.4704826 -0.9215525 -0.0179808 0.6957241 0.0426111 0.7168187
1654674614.076602 0.8092752 -0.4686029 -0.9489552 -0.0174269 0.7077394 0.0455306 0.7047895
1654674615.727884 0.8091635 -0.4691332 -0.9426090 -0.0188395 0.7037175 0.0423436 0.7089667
1654674616.127743 0.8080134 -0.4743137 -0.9414165 -0.0188609 0.7044815 0.0409692 0.7082878
1654674616.326969 0.8057534 -0.4827069 -0.9406540 -0.0165384 0.7022192 0.0402127 0.7106318
1654674616.777822 0.8068007 -0.4959877 -0.9441975 -0.0183215 0.7044307 0.0422616 0.7082766
1654674617.027145 0.8054847 -0.5076780 -0.9473429 -0.0169285 0.7045678 0.0425068 0.7081602
1654674617.227847 0.8062995 -0.5141417 -0.9468437 -0.0193280 0.7040983 0.0423105 0.7085773
1654674617.527752 0.8045908 -0.5286263 -0.9476011 -0.0182279 0.7035038 0.0426400 0.7091770
1654674618.127811 0.8036627 -0.5546300 -0.9496549 -0.0194157 0.7049709 0.0438115 0.7076154
1654674618.428154 0.8026677 -0.5674481 -0.9512197 -0.0199558 0.7058071 0.0450984 0.7066853
1654674619.027636 0.7990043 -0.5945055 -0.9516113 -0.0207949 0.7059585 0.0456006 0.7064776
1654674619.427126 0.7958837 -0.6124524 -0.9538985 -0.0212569 0.7060596 0.0458048 0.7063497
1654674619.628230 0.7939621 -0.6211609 -0.9553375 -0.0213147 0.7060745 0.0464022 0.7062941
1654674620.326965 0.7897495 -0.6521672 -0.9585736 -0.0228412 0.7075540 0.0472520 0.7047076
1654674620.527552 0.7886250 -0.6601727 -0.9593260 -0.0229152 0.7077816 0.0472745 0.7044753
1654674621.027056 0.7842115 -0.6819439 -0.9617845 -0.0232415 0.7081971 0.0476174 0.7040238
1654674621.477993 0.7792842 -0.7017254 -0.9633061 -0.0240272 0.7086859 0.0479924 0.7034796
1654674621.727899 0.7765118 -0.7125127 -0.9637485 -0.0245936 0.7092381 0.0486275 0.7028599
1654674621.927794 0.7736980 -0.7215135 -0.9648408 -0.0249759 0.7092370 0.0489335 0.7028262
1654674622.126856 0.7711394 -0.7309108 -0.9648599 -0.0255672 0.7098098 0.0492625 0.7022034
1654674622.377030 0.7686921 -0.7418534 -0.9656989 -0.0262771 0.7102388 0.0496676 0.7017146
1654674622.677009 0.7663838 -0.7497089 -0.9675111 -0.0261694 0.7099987 0.0499070 0.7019446
1654674623.625530 0.7666044 -0.7485330 -0.9701384 -0.0271008 0.7092217 0.0513361 0.7025914
1654674624.627838 0.7627114 -0.7504696 -0.9521337 -0.0253514 0.7021146 0.0508123 0.7097961
1654674624.877822 0.7627066 -0.7507148 -0.9448161 -0.0266446 0.6989443 0.0502119 0.7129135
1654674625.377757 0.7609431 -0.7514376 -0.9336013 -0.0242520 0.6902475 0.0496972 0.7214571
1654674625.577822 0.7601579 -0.7505812 -0.9257239 -0.0250902 0.6865658 0.0486918 0.7250014
1654674625.828123 0.7568162 -0.7522979 -0.9148444 -0.0235288 0.6794288 0.0481634 0.7317809
1654674626.077921 0.7543507 -0.7531531 -0.9035891 -0.0224690 0.6730644 0.0480918 0.7376765
1654674626.526416 0.7476085 -0.7587258 -0.8796021 -0.0228156 0.6622860 0.0480281 0.7473620
1654674626.728107 0.7444276 -0.7607787 -0.8662000 -0.0247786 0.6570534 0.0472506 0.7519537
1654674626.927764 0.7408357 -0.7597399 -0.8523118 -0.0235141 0.6527283 0.0457413 0.7558443
1654674627.126850 0.7370207 -0.7608895 -0.8415809 -0.0224296 0.6469750 0.0450445 0.7608491
1654674627.326739 0.7336729 -0.7612189 -0.8314912 -0.0228416 0.6410859 0.0441289 0.7658588
1654674627.627266 0.7290528 -0.7630386 -0.8179697 -0.0222912 0.6327111 0.0437011 0.7728325
1654674627.827777 0.7257601 -0.7630308 -0.8100163 -0.0209453 0.6268095 0.0423836 0.7777371
1654674628.027858 0.7228144 -0.7662139 -0.8001638 -0.0222016 0.6212022 0.0436999 0.7821159
1654674628.228001 0.7181494 -0.7677682 -0.7898167 -0.0222261 0.6152437 0.0425615 0.7868733
1654674628.426864 0.7122232 -0.7696450 -0.7818315 -0.0214705 0.6073242 0.0422451 0.7930395
1654674628.628118 0.7083561 -0.7708222 -0.7697616 -0.0227404 0.6020570 0.0411242 0.7970690
1654674628.728265 0.7064030 -0.7702580 -0.7655249 -0.0224973 0.5984682 0.0399101 0.7998355
1654674628.878113 0.7022624 -0.7696180 -0.7577175 -0.0218568 0.5938168 0.0377221 0.8034183
1654674629.178073 0.6951851 -0.7707647 -0.7399046 -0.0221549 0.5860680 0.0363468 0.8091429
1654674629.277860 0.6929170 -0.7714643 -0.7343327 -0.0222844 0.5835356 0.0364190 0.8109644
1654674629.427652 0.6885304 -0.7720162 -0.7262342 -0.0218254 0.5792929 0.0356485 0.8140470
1654674629.526847 0.6852003 -0.7725484 -0.7211910 -0.0213260 0.5763155 0.0353482 0.8161840
1654674629.776929 0.6767952 -0.7742558 -0.7065566 -0.0221152 0.5703364 0.0341930 0.8204013
1654674629.927689 0.6727508 -0.7749976 -0.6996287 -0.0221244 0.5659145 0.0340444 0.8234635
1654674630.077394 0.6692508 -0.7759812 -0.6935084 -0.0212819 0.5607455 0.0343375 0.8270022
1654674630.178687 0.6671578 -0.7771438 -0.6889111 -0.0210942 0.5577394 0.0343808 0.8290355
1654674630.328059 0.6645102 -0.7786984 -0.6828055 -0.0210352 0.5525183 0.0347964 0.8325084
1654674630.428128 0.6628008 -0.7790934 -0.6767912 -0.0213761 0.5499536 0.0343633 0.8342141
1654674630.577795 0.6599515 -0.7797784 -0.6697142 -0.0212222 0.5452482 0.0339067 0.8373197
1654674630.877745 0.6517198 -0.7808436 -0.6562319 -0.0202117 0.5357544 0.0328936 0.8434908
1654674631.477759 0.6320167 -0.7826697 -0.6296197 -0.0188682 0.5171359 0.0311664 0.8551276
1654674631.677859 0.6260613 -0.7832678 -0.6210148 -0.0188575 0.5107558 0.0302878 0.8589852
1654674631.827784 0.6208441 -0.7838891 -0.6148779 -0.0185636 0.5064173 0.0297951 0.8615738
1654674632.376771 0.6066386 -0.7868006 -0.5953047 -0.0185179 0.4932229 0.0282293 0.8692477
1654674632.576725 0.6038355 -0.7879298 -0.5917111 -0.0186404 0.4914827 0.0282863 0.8702283
1654674633.627827 0.6080903 -0.7764568 -0.5948327 -0.0177843 0.4905639 0.0286653 0.8707520
1654674633.777751 0.6131518 -0.7692293 -0.5916653 -0.0220679 0.4931280 0.0296754 0.8691704
1654674634.577811 0.6214783 -0.7368273 -0.5783827 -0.0208545 0.4920958 0.0311347 0.8697341
1654674634.778034 0.6212615 -0.7297245 -0.5772139 -0.0179249 0.4912681 0.0301032 0.8703035
1654674636.125751 0.6333003 -0.6633487 -0.5631905 -0.0159690 0.4893464 0.0288162 0.8714670
1654674637.177805 0.6384526 -0.6095262 -0.5541446 -0.0148127 0.4882131 0.0269755 0.8721817
1654674637.628150 0.6393778 -0.5891435 -0.5523068 -0.0143103 0.4882057 0.0272835 0.8721847
1654674639.177986 0.6366693 -0.5758594 -0.5515425 -0.0092895 0.4865786 0.0259425 0.8732021
1654674639.628451 0.6251202 -0.5781381 -0.5399041 -0.0083273 0.4766710 0.0238507 0.8787187
1654674640.078100 0.6174481 -0.5770974 -0.5288612 -0.0104750 0.4703548 0.0227583 0.8821217
1654674640.375107 0.6096433 -0.5787742 -0.5233483 -0.0085335 0.4646224 0.0230457 0.8851678
1654674640.724736 0.5985252 -0.5798230 -0.5088704 -0.0086944 0.4546616 0.0217270 0.8903568
1654674640.977119 0.5905551 -0.5813514 -0.4984344 -0.0078644 0.4469692 0.0212444 0.8942625
1654674641.575191 0.5713890 -0.5838814 -0.4769851 -0.0069909 0.4312960 0.0203295 0.9019543
1654674641.778124 0.5632209 -0.5830136 -0.4686391 -0.0084921 0.4252237 0.0191860 0.9048451
1654674641.927231 0.5567412 -0.5849575 -0.4637853 -0.0068057 0.4201050 0.0189573 0.9072520
1654674642.127113 0.5488994 -0.5866119 -0.4557680 -0.0059105 0.4128663 0.0182789 0.9105890
1654674642.577742 0.5324375 -0.5890796 -0.4396423 -0.0054361 0.4001824 0.0175117 0.9162521
1654674642.776934 0.5258441 -0.5894561 -0.4326832 -0.0056532 0.3942768 0.0169605 0.9188178
1654674642.978227 0.5184635 -0.5892274 -0.4249343 -0.0067216 0.3885820 0.0159714 0.9212512
1654674643.378015 0.5018927 -0.5925484 -0.4117115 -0.0049638 0.3747490 0.0153882 0.9269853
1654674643.777123 0.4829292 -0.5955404 -0.3986736 -0.0041047 0.3618516 0.0142450 0.9321179
1654674644.127055 0.4709519 -0.5952862 -0.3868779 -0.0050509 0.3515700 0.0133276 0.9360531
1654674644.277037 0.4641074 -0.5995084 -0.3815822 -0.0044520 0.3468136 0.0137215 0.9378232
1654674645.127744 0.4258118 -0.5975277 -0.3596236 -0.0018392 0.3184668 0.0104203 0.9478750
1654674645.428162 0.4136282 -0.5976437 -0.3521304 -0.0020972 0.3094690 0.0097354 0.9508574
1654674645.578191 0.4069495 -0.5990931 -0.3492732 -0.0008696 0.3040805 0.0097299 0.9525963
1654674645.927816 0.3909515 -0.5993647 -0.3403469 -0.0014799 0.2923697 0.0083505 0.9562678
1654674646.128102 0.3815363 -0.6007596 -0.3367890 -0.0000550 0.2843400 0.0082688 0.9586878
1654674646.278775 0.3752669 -0.6014725 -0.3338576 0.0003706 0.2796403 0.0082300 0.9600695
1654674647.078107 0.3391056 -0.6031091 -0.3181417 0.0007841 0.2531072 0.0057107 0.9674211
1654674647.227765 0.3315396 -0.6036575 -0.3154643 0.0013426 0.2474053 0.0053800 0.9688962
1654674647.376365 0.3244503 -0.6047840 -0.3132735 0.0022305 0.2420152 0.0049549 0.9702572
1654674647.677814 0.3114656 -0.6048409 -0.3081636 0.0018766 0.2331345 0.0041267 0.9724339
1654674647.777912 0.3071436 -0.6051870 -0.3066139 0.0020725 0.2296143 0.0037187 0.9732724
1654674647.877803 0.3024726 -0.6057779 -0.3053907 0.0027341 0.2260020 0.0040328 0.9741147
1654674647.978036 0.2979153 -0.6063724 -0.3041336 0.0032504 0.2223990 0.0037790 0.9749430
1654674648.128124 0.2906044 -0.6065462 -0.3016375 0.0032912 0.2169768 0.0032147 0.9761660
1654674648.327775 0.2801915 -0.6066585 -0.2984957 0.0030816 0.2099627 0.0022471 0.9777020
1654674648.427837 0.2751690 -0.6071014 -0.2974526 0.0035427 0.2062873 0.0018888 0.9784833
1654674648.577828 0.2682966 -0.6080386 -0.2960435 0.0042754 0.2012502 0.0019902 0.9795285
1654674648.728128 0.2615328 -0.6083176 -0.2941601 0.0042521 0.1967088 0.0015701 0.9804515
1654674648.827770 0.2571152 -0.6081658 -0.2924795 0.0040402 0.1933684 0.0012974 0.9811171
1654674648.978207 0.2499460 -0.6085312 -0.2906127 0.0042065 0.1884268 0.0005841 0.9820781
1654674649.077632 0.2451091 -0.6091751 -0.2897834 0.0047784 0.1847909 0.0007244 0.9827660
1654674649.327476 0.2332293 -0.6097139 -0.2869689 0.0051966 0.1761145 -0.0002166 0.9843559
1654674649.527414 0.2243114 -0.6099775 -0.2843051 0.0050617 0.1697769 -0.0010318 0.9854690
1654674649.677430 0.2174592 -0.6106791 -0.2831133 0.0057062 0.1648937 -0.0009710 0.9862944
1654674649.877966 0.2075290 -0.6113552 -0.2815519 0.0060586 0.1578693 -0.0013107 0.9874406
1654674649.977808 0.2026534 -0.6112862 -0.2804997 0.0059798 0.1545036 -0.0018235 0.9879724
1654674650.377089 0.1844731 -0.6122991 -0.2777019 0.0070673 0.1412723 -0.0027740 0.9899417
1654674650.527850 0.1775966 -0.6124889 -0.2761160 0.0070255 0.1363178 -0.0031276 0.9906353
1654674650.627954 0.1727409 -0.6124077 -0.2755566 0.0068933 0.1332173 -0.0039710 0.9910550
1654674651.027854 0.1527347 -0.6137192 -0.2733468 0.0080205 0.1190823 -0.0045918 0.9928414
1654674651.277291 0.1412449 -0.6137024 -0.2718278 0.0080298 0.1112569 -0.0054154 0.9937445
1654674651.578280 0.1273389 -0.6146504 -0.2715861 0.0089100 0.1016195 -0.0058532 0.9947662
1654674651.878143 0.1127130 -0.6147792 -0.2702774 0.0089126 0.0913879 -0.0067121 0.9957529
1654674651.978087 0.1075987 -0.6150410 -0.2703692 0.0091524 0.0879966 -0.0073557 0.9960515
1654674652.477766 0.0865955 -0.6157525 -0.2686622 0.0097488 0.0732274 -0.0082787 0.9972333
1654674652.627780 0.0799966 -0.6162140 -0.2693260 0.0101361 0.0687816 -0.0086266 0.9975430
1654674652.777897 0.0737849 -0.6164328 -0.2690065 0.0105943 0.0638466 -0.0087894 0.9978648
1654674652.877911 0.0686582 -0.6165218 -0.2689974 0.0106341 0.0608074 -0.0093159 0.9980494
1654674653.178059 0.0545114 -0.6170786 -0.2690834 0.0109222 0.0508435 -0.0103101 0.9985937
1654674653.277861 0.0499065 -0.6173172 -0.2692268 0.0113202 0.0475399 -0.0105993 0.9987490
1654674654.077794 0.0292984 -0.6181871 -0.2711537 0.0117651 0.0330247 -0.0104398 0.9993308
1654674654.178138 0.0260126 -0.6178361 -0.2712044 0.0119202 0.0308627 -0.0113850 0.9993877
1654674654.477089 0.0180870 -0.6181722 -0.2719691 0.0124884 0.0241545 -0.0127866 0.9995485
1654674656.277546 0.0174701 -0.6041716 -0.2675385 0.0093538 0.0237862 -0.0122595 0.9995981
1654674657.077972 0.0173767 -0.5785787 -0.2651457 0.0117123 0.0224652 -0.0115466 0.9996123
1654674657.277144 0.0170180 -0.5706518 -0.2631976 0.0108913 0.0223959 -0.0119445 0.9996185
1654674657.426084 0.0167870 -0.5640370 -0.2622315 0.0103625 0.0224521 -0.0123520 0.9996179
1654674658.077827 0.0157875 -0.5394508 -0.2601481 0.0112730 0.0216510 -0.0122100 0.9996275
1654674658.278270 0.0155847 -0.5320052 -0.2606543 0.0125869 0.0210500 -0.0115610 0.9996324
1654674658.427778 0.0155685 -0.5260780 -0.2598045 0.0128009 0.0209695 -0.0112637 0.9996347
1654674658.577653 0.0153682 -0.5194405 -0.2584891 0.0121894 0.0207914 -0.0119571 0.9996381
1654674658.728001 0.0151991 -0.5131305 -0.2582881 0.0125272 0.0205282 -0.0121675 0.9996368
1654674659.078097 0.0149755 -0.4989052 -0.2579303 0.0134616 0.0200143 -0.0117287 0.9996403
1654674659.427964 0.0146822 -0.4844336 -0.2569213 0.0138310 0.0195215 -0.0116887 0.9996454
1654674659.527987 0.0146152 -0.4802519 -0.2575630 0.0142177 0.0192897 -0.0116569 0.9996449
1654674659.927804 0.0139274 -0.4631385 -0.2576170 0.0140276 0.0188529 -0.0116194 0.9996564
1654674660.277811 0.0136059 -0.4480368 -0.2582214 0.0147138 0.0181839 -0.0112233 0.9996634
1654674660.777794 0.0129194 -0.4262157 -0.2598398 0.0153101 0.0176179 -0.0108750 0.9996684
1654674660.924631 0.0124518 -0.4191720 -0.2598900 0.0152509 0.0173233 -0.0109503 0.9996737
1654674661.025036 0.0123681 -0.4147424 -0.2600412 0.0151276 0.0172697 -0.0111616 0.9996741
1654674661.677955 0.0117218 -0.3852466 -0.2626072 0.0155479 0.0162779 -0.0110624 0.9996854
1654674661.825050 0.0116167 -0.3783978 -0.2640451 0.0158597 0.0160895 -0.0107346 0.9996871
1654674661.925285 0.0114986 -0.3743463 -0.2649704 0.0156884 0.0157887 -0.0101493 0.9997008
1654674662.077764 0.0111428 -0.3670158 -0.2655894 0.0158156 0.0158541 -0.0109432 0.9996893
1654674662.278451 0.0113804 -0.3578729 -0.2665353 0.0155106 0.0151686 -0.0105139 0.9997094
1654674662.675327 0.0105984 -0.3391849 -0.2699434 0.0154222 0.0146183 -0.0105063 0.9997190
1654674662.825092 0.0104223 -0.3320693 -0.2716523 0.0151419 0.0145095 -0.0105779 0.9997241
1654674663.076122 0.0102194 -0.3202424 -0.2736529 0.0148720 0.0140737 -0.0101098 0.9997393
1654674663.125622 0.0101010 -0.3181889 -0.2739248 0.0145798 0.0141527 -0.0102910 0.9997406
1654674663.325603 0.0096077 -0.3081555 -0.2757982 0.0140508 0.0138214 -0.0100110 0.9997556
1654674663.475654 0.0096910 -0.3004834 -0.2772297 0.0138820 0.0134516 -0.0098994 0.9997641
1654674663.575637 0.0098884 -0.2956803 -0.2782664 0.0134697 0.0132236 -0.0099481 0.9997724
1654674663.725637 0.0095978 -0.2878883 -0.2800169 0.0132036 0.0130947 -0.0098134 0.9997789
1654674663.925623 0.0094054 -0.2774299 -0.2817655 0.0125648 0.0128810 -0.0099265 0.9997888
1654674664.075639 0.0091962 -0.2696279 -0.2835501 0.0120172 0.0126677 -0.0099833 0.9997977
1654674664.275631 0.0090821 -0.2591033 -0.2856249 0.0115125 0.0122032 -0.0094461 0.9998146
1654674664.525592 0.0089804 -0.2452781 -0.2891272 0.0110415 0.0117147 -0.0096020 0.9998243
1654674664.675466 0.0087683 -0.2369158 -0.2913770 0.0106501 0.0114588 -0.0093834 0.9998336
1654674664.775579 0.0084742 -0.2316271 -0.2925747 0.0101535 0.0111390 -0.0102946 0.9998334
1654674664.824430 0.0085564 -0.2293467 -0.2929050 0.0098168 0.0107561 -0.0106949 0.9998368
1654674665.877427 0.0082322 -0.2028688 -0.3002657 0.0090441 0.0104584 -0.0095748 0.9998586
1654674666.077373 0.0080471 -0.1980685 -0.3013171 0.0080770 0.0102676 -0.0095625 0.9998689
1654674666.824874 0.0080237 -0.1874313 -0.3045736 0.0078972 0.0102191 -0.0096238 0.9998703
1654674667.177342 0.0083173 -0.1823863 -0.3052151 0.0069913 0.0097509 -0.0088260 0.9998891
1654674667.777639 0.0082175 -0.1731343 -0.3080678 0.0064251 0.0097556 -0.0094272 0.9998873
1654674668.477916 0.0081095 -0.1627756 -0.3111322 0.0054093 0.0092883 -0.0090474 0.9999014
1654674669.359289 0.0078619 -0.1499386 -0.3149593 0.0035296 0.0087431 -0.0082882 0.9999212
1654674670.542933 0.0079729 -0.1487214 -0.3152039 0.0032688 0.0090626 -0.0081682 0.9999202
1654674672.044693 0.0083619 -0.1377586 -0.2882490 0.0030484 0.0092539 -0.0075122 0.9999243
1654674672.244896 0.0083208 -0.1352272 -0.2826773 0.0028086 0.0098062 -0.0074173 0.9999205
1654674673.345608 0.0083754 -0.1233538 -0.2522304 0.0020947 0.0093419 -0.0072215 0.9999281
1654674673.595466 0.0081086 -0.1187244 -0.2451262 0.0005885 0.0092835 -0.0084372 0.9999211
1654674674.144771 0.0083708 -0.1134848 -0.2294303 0.0002236 0.0095541 -0.0069014 0.9999306
1654674674.795019 0.0083671 -0.1053667 -0.2113145 -0.0002377 0.0096916 -0.0068203 0.9999298
1654674675.945252 0.0078425 -0.0924423 -0.1787620 -0.0004541 0.0092361 -0.0066860 0.9999349
1654674676.595195 0.0071939 -0.0846707 -0.1607529 -0.0010912 0.0093216 -0.0068795 0.9999323
1654674677.045324 0.0071960 -0.0783722 -0.1481629 -0.0021079 0.0093283 -0.0072954 0.9999277
1654674677.295271 0.0072404 -0.0764056 -0.1412425 -0.0019028 0.0093627 -0.0065717 0.9999328
1654674677.495417 0.0067649 -0.0730228 -0.1358577 -0.0027286 0.0091781 -0.0073795 0.9999269
1654674677.945149 0.0069379 -0.0686573 -0.1233554 -0.0023962 0.0095818 -0.0067501 0.9999285
1654674678.394902 0.0060117 -0.0618468 -0.1111491 -0.0036528 0.0086558 -0.0082110 0.9999222
1654674679.745359 0.0057707 -0.0466048 -0.0764109 -0.0049110 0.0086242 -0.0083446 0.9999160
1654674679.995441 0.0060558 -0.0444478 -0.0705876 -0.0047890 0.0088916 -0.0077520 0.9999190
1654674680.495311 0.0068610 -0.0391174 -0.0590734 -0.0056373 0.0095333 -0.0069780 0.9999143
1654674680.695591 0.0067764 -0.0374467 -0.0550918 -0.0057393 0.0095853 -0.0067832 0.9999146
1654674681.045783 0.0063371 -0.0352157 -0.0484365 -0.0053800 0.0091147 -0.0067488 0.9999212
1654674681.445346 0.0055698 -0.0310117 -0.0417637 -0.0063390 0.0086781 -0.0079736 0.9999105
1654674690.643121 0.0061447 -0.0240468 -0.0255047 -0.0065436 0.0094077 -0.0071697 0.9999086
