1654683174.656246 0.0000000 0.0000000 0.0000000 -0.0000000 -0.0000000 -0.0000000 1.0000000
1654683233.655270 -0.0284234 -0.0706868 -0.2066868 0.0002561 -0.0024182 -0.0114348 0.9999317
1654683233.755146 -0.0275359 -0.0767039 -0.2149203 0.0004024 -0.0023591 -0.0113566 0.9999326
1654683234.554280 -0.0226478 -0.1120551 -0.2780594 0.0008007 -0.0019381 -0.0097809 0.9999500
1654683237.755315 0.1624867 -0.1146624 -0.2813651 0.0004967 0.0157200 -0.0084743 0.9998404
1654683238.754950 0.2976642 -0.1089563 -0.2770815 0.0003576 0.0290396 -0.0085255 0.9995418
1654683239.854712 0.4444610 -0.1064926 -0.2752040 0.0000020 0.0423045 -0.0077057 0.9990751
1654683250.456579 -0.0635621 -0.1920089 -0.4464601 0.0016456 -0.0059532 -0.0110434 0.9999200
1654683252.356726 -0.0597891 -0.2960896 -0.6531706 0.0031663 -0.0061256 -0.0095432 0.9999307
1654683255.857764 0.2643305 -0.2879899 -0.6334479 0.0018179 0.0281438 -0.0083102 0.9995677
1654683260.657318 -0.2146434 -0.2948621 -0.6667832 0.0029374 -0.0215342 -0.0110173 0.9997031
1654683266.159004 -0.2040511 -0.3975675 -0.8759639 0.0041283 -0.0208666 -0.0117755 0.9997044
1654683267.358392 -0.1955972 -0.4486159 -0.9793326 0.0041866 -0.0198750 -0.0105719 0.9997379
1654683268.658782 -0.1899436 -0.5087985 -1.1028125 0.0047059 -0.0200211 -0.0102389 0.9997361
1654683270.759430 -0.1868137 -0.5668467 -1.1988417 0.0056186 -0.0207784 -0.0113692 0.9997037
1654683271.058809 -0.1918372 -0.6337480 -1.1910467 0.0113918 -0.0207661 -0.0104186 0.9996652
1654683271.258687 -0.1945465 -0.6824505 -1.1853529 0.0156861 -0.0214431 -0.0100733 0.9995962
1654683271.559439 -0.1914615 -0.7300829 -1.1700145 0.0171381 -0.0211869 -0.0109278 0.9995689
1654683271.859817 -0.1886567 -0.7917216 -1.1507308 0.0187946 -0.0203697 -0.0106242 0.9995594
1654683271.959695 -0.1900079 -0.8126019 -1.1453409 0.0193901 -0.0202430 -0.0105708 0.9995512
1654683272.159571 -0.1950701 -0.8507975 -1.1328497 0.0191200 -0.0208385 -0.0107332 0.9995424
1654683272.259572 -0.1965555 -0.8686642 -1.1279069 0.0190786 -0.0209515 -0.0108814 0.9995392
1654683272.359574 -0.1958753 -0.8870753 -1.1220219 0.0191555 -0.0206643 -0.0109551 0.9995429
1654683272.559952 -0.1920737 -0.9281761 -1.1086140 0.0193945 -0.0202025 -0.0110617 0.9995466
1654683272.759953 -0.1901416 -0.9677729 -1.0963943 0.0200329 -0.0194749 -0.0111852 0.9995471
1654683272.859829 -0.1916363 -0.9873781 -1.0909090 0.0199035 -0.0195031 -0.0112961 0.9995478
1654683272.959830 -0.1941098 -1.0063348 -1.0857998 0.0200063 -0.0196625 -0.0113529 0.9995421
1654683273.060081 -0.1954257 -1.0265559 -1.0789615 0.0199088 -0.0201321 -0.0114083 0.9995340
1654683273.160083 -0.1962218 -1.0455168 -1.0746219 0.0201947 -0.0200455 -0.0114714 0.9995293
1654683273.259958 -0.1957651 -1.0666513 -1.0684295 0.0201586 -0.0198769 -0.0112803 0.9995356
1654683273.359961 -0.1954849 -1.0877136 -1.0623741 0.0202126 -0.0196872 -0.0112685 0.9995384
1654683273.459836 -0.1938958 -1.1082478 -1.0567904 0.0201751 -0.0193596 -0.0111470 0.9995469
1654683273.759715 -0.1907981 -1.1650409 -1.0355732 0.0203920 -0.0191641 -0.0117348 0.9995395
1654683273.959966 -0.1942014 -1.2064316 -1.0272248 0.0203067 -0.0191209 -0.0116435 0.9995431
1654683274.059967 -0.1942017 -1.2277380 -1.0211110 0.0203397 -0.0192503 -0.0115047 0.9995416
1654683274.259845 -0.1948178 -1.2676778 -1.0110323 0.0203655 -0.0190418 -0.0116171 0.9995438
1654683274.459722 -0.1918342 -1.3071522 -1.0006444 0.0201112 -0.0183685 -0.0117528 0.9995599
1654683274.759975 -0.1922732 -1.3660157 -0.9869871 0.0200839 -0.0180683 -0.0117130 0.9995664
1654683274.860352 -0.1939051 -1.3862709 -0.9833198 0.0201568 -0.0180465 -0.0116400 0.9995662
1654683275.159730 -0.1945357 -1.4429742 -0.9698595 0.0201484 -0.0180920 -0.0118649 0.9995629
1654683275.359606 -0.1926603 -1.4809875 -0.9618155 0.0200059 -0.0176701 -0.0121963 0.9995694
1654683275.559484 -0.1910400 -1.5213069 -0.9526289 0.0198346 -0.0173383 -0.0118885 0.9995822
1654683275.659735 -0.1933576 -1.5396055 -0.9491911 0.0199331 -0.0171024 -0.0122779 0.9995797
1654683275.860112 -0.1945792 -1.5770909 -0.9414836 0.0197777 -0.0173407 -0.0122086 0.9995795
1654683276.059865 -0.1951942 -1.6144853 -0.9362931 0.0196105 -0.0169942 -0.0122674 0.9995880
1654683276.259493 -0.1937511 -1.6525567 -0.9283509 0.0193811 -0.0165708 -0.0123576 0.9995984
1654683276.459244 -0.1927329 -1.6890726 -0.9199192 0.0193078 -0.0162190 -0.0124175 0.9996049
1654683276.659122 -0.1954731 -1.7258134 -0.9148992 0.0191761 -0.0161219 -0.0124770 0.9996083
1654683276.858499 -0.1959823 -1.7634649 -0.9090680 0.0189778 -0.0161157 -0.0126192 0.9996104
1654683277.058752 -0.1945850 -1.8015009 -0.9029258 0.0185109 -0.0158654 -0.0124026 0.9996259
1654683277.258878 -0.1935950 -1.8375448 -0.8973534 0.0182921 -0.0153908 -0.0125025 0.9996361
1654683277.559382 -0.1953873 -1.8925338 -0.8892066 0.0180964 -0.0150533 -0.0127074 0.9996422
1654683277.659384 -0.1967061 -1.9115267 -0.8868058 0.0178696 -0.0150263 -0.0126127 0.9996479
1654683277.759258 -0.1966473 -1.9301045 -0.8846486 0.0177120 -0.0150483 -0.0125599 0.9996510
1654683277.959387 -0.1942435 -1.9669219 -0.8780267 0.0174022 -0.0149471 -0.0126462 0.9996569
1654683278.159264 -0.1920781 -2.0036283 -0.8718219 0.0170487 -0.0146946 -0.0125942 0.9996673
1654683278.359015 -0.1917436 -2.0409336 -0.8674948 0.0166356 -0.0144597 -0.0125753 0.9996780
1654683278.459393 -0.1924746 -2.0602787 -0.8659036 0.0163006 -0.0143869 -0.0126697 0.9996833
1654683278.659145 -0.1928270 -2.0965700 -0.8631917 0.0159355 -0.0144181 -0.0125694 0.9996901
1654683278.859272 -0.1919429 -2.1331649 -0.8593739 0.0154993 -0.0140952 -0.0124984 0.9997025
1654683279.059025 -0.1910543 -2.1698310 -0.8565143 0.0150389 -0.0137887 -0.0125873 0.9997126
1654683279.358778 -0.1904005 -2.2243147 -0.8526089 0.0143847 -0.0136595 -0.0125871 0.9997240
1654683279.459028 -0.1903856 -2.2415321 -0.8506233 0.0143083 -0.0135789 -0.0126482 0.9997255
1654683279.758656 -0.1886667 -2.2968347 -0.8459448 0.0135642 -0.0133886 -0.0125162 0.9997401
1654683279.958410 -0.1883115 -2.3337064 -0.8428268 0.0129440 -0.0129590 -0.0124660 0.9997545
1654683280.158162 -0.1878015 -2.3696599 -0.8398460 0.0125566 -0.0129332 -0.0126469 0.9997575
1654683280.258038 -0.1876620 -2.3872805 -0.8379276 0.0124205 -0.0128447 -0.0127522 0.9997591
1654683280.458290 -0.1876843 -2.4237015 -0.8366006 0.0118630 -0.0126621 -0.0128197 0.9997673
1654683280.658041 -0.1868070 -2.4594693 -0.8341928 0.0113904 -0.0124077 -0.0127452 0.9997769
1654683280.857795 -0.1858187 -2.4956386 -0.8323714 0.0107786 -0.0121470 -0.0127894 0.9997864
1654683281.057672 -0.1854854 -2.5317767 -0.8322412 0.0102710 -0.0120288 -0.0127107 0.9997941
1654683281.257924 -0.1863778 -2.5672588 -0.8308710 0.0098051 -0.0117013 -0.0128393 0.9998010
1654683281.458050 -0.1855917 -2.6035385 -0.8295964 0.0092066 -0.0114937 -0.0128066 0.9998096
1654683281.557928 -0.1851977 -2.6220992 -0.8280690 0.0089084 -0.0113575 -0.0127535 0.9998145
1654683281.757679 -0.1846122 -2.6572759 -0.8282618 0.0085162 -0.0111537 -0.0129389 0.9998178
1654683281.857554 -0.1840420 -2.6748757 -0.8283713 0.0083347 -0.0110352 -0.0127284 0.9998233
1654683282.057307 -0.1837854 -2.7107837 -0.8263501 0.0077472 -0.0109228 -0.0127786 0.9998287
1654683282.257060 -0.1824044 -2.7465928 -0.8263563 0.0072518 -0.0107217 -0.0127512 0.9998350
1654683282.356561 -0.1814538 -2.7648354 -0.8256120 0.0070129 -0.0106259 -0.0127541 0.9998376
1654683282.656189 -0.1805237 -2.8189712 -0.8270484 0.0064873 -0.0103213 -0.0127305 0.9998447
1654683282.855942 -0.1804238 -2.8553417 -0.8262150 0.0060666 -0.0100573 -0.0129213 0.9998475
1654683283.056444 -0.1795603 -2.8923907 -0.8277567 0.0056798 -0.0099226 -0.0130039 0.9998501
1654683283.257196 -0.1780715 -2.9290724 -0.8270389 0.0052422 -0.0096880 -0.0129177 0.9998559
1654683283.457448 -0.1776739 -2.9656699 -0.8280211 0.0048787 -0.0093913 -0.0130743 0.9998586
1654683283.856203 -0.1751859 -3.0412331 -0.8324564 0.0040318 -0.0090792 -0.0127811 0.9998690
1654683284.055579 -0.1744865 -3.0789592 -0.8346814 0.0035283 -0.0088776 -0.0128775 0.9998715
1654683284.155580 -0.1741003 -3.0974398 -0.8356470 0.0033843 -0.0088029 -0.0128738 0.9998727
1654683284.355458 -0.1728418 -3.1378386 -0.8384851 0.0028131 -0.0084151 -0.0127206 0.9998797
1654683284.455960 -0.1712894 -3.1570735 -0.8387457 0.0026134 -0.0084995 -0.0126269 0.9998807
1654683284.657087 -0.1713193 -3.1964581 -0.8435987 0.0022456 -0.0082318 -0.0126932 0.9998831
1654683284.956964 -0.1698750 -3.2560170 -0.8470814 0.0014993 -0.0078963 -0.0128344 0.9998854
1654683285.156591 -0.1678479 -3.2962444 -0.8518223 0.0010440 -0.0075535 -0.0126169 0.9998913
1654683285.355844 -0.1673627 -3.3359489 -0.8554263 0.0006556 -0.0075458 -0.0127283 0.9998903
1654683285.655472 -0.1654867 -3.3950620 -0.8618835 0.0000168 -0.0070651 -0.0126183 0.9998955
1654683285.855974 -0.1644014 -3.4351869 -0.8681117 -0.0004586 -0.0068191 -0.0126684 0.9998964
1654683286.157354 -0.1628806 -3.4980495 -0.8760890 -0.0010603 -0.0065410 -0.0125036 0.9998999
1654683286.557107 -0.1588815 -3.5777962 -0.8895628 -0.0019057 -0.0062057 -0.0123790 0.9999023
1654683286.756485 -0.1585300 -3.6187894 -0.8969280 -0.0022673 -0.0057407 -0.0122643 0.9999058
1654683287.056240 -0.1565235 -3.6798632 -0.9063376 -0.0029374 -0.0054542 -0.0122361 0.9999059
1654683287.255615 -0.1552606 -3.7203948 -0.9151254 -0.0033927 -0.0052257 -0.0121196 0.9999072
1654683287.554620 -0.1529057 -3.7819593 -0.9284052 -0.0038697 -0.0047615 -0.0120062 0.9999091
1654683287.854748 -0.1485311 -3.8434370 -0.9380713 -0.0045049 -0.0045258 -0.0120763 0.9999067
1654683288.055375 -0.1480170 -3.8859341 -0.9481871 -0.0049338 -0.0042109 -0.0120224 0.9999067
1654683288.356004 -0.1446354 -3.9516065 -0.9643567 -0.0054866 -0.0037911 -0.0117416 0.9999089
1654683288.555881 -0.1414685 -3.9938114 -0.9732685 -0.0058239 -0.0038196 -0.0116980 0.9999073
1654683288.655756 -0.1398180 -4.0157075 -0.9789545 -0.0060736 -0.0036318 -0.0116288 0.9999074
1654683288.855509 -0.1383110 -4.0574875 -0.9891775 -0.0064416 -0.0033113 -0.0114760 0.9999079
1654683289.155386 -0.1351345 -4.1236134 -1.0072999 -0.0069741 -0.0028837 -0.0112779 0.9999079
1654683289.455516 -0.1320511 -4.1885877 -1.0253612 -0.0076011 -0.0026715 -0.0112470 0.9999043
1654683289.555392 -0.1306411 -4.2105341 -1.0328684 -0.0077612 -0.0023984 -0.0110056 0.9999064
1654683289.955522 -0.1262534 -4.2982821 -1.0597464 -0.0084712 -0.0019687 -0.0107838 0.9999040
1654683290.255275 -0.1234572 -4.3638091 -1.0810820 -0.0091082 -0.0016904 -0.0107684 0.9998991
1654683290.654154 -0.1187362 -4.4499621 -1.1102268 -0.0097005 -0.0012393 -0.0104782 0.9998973
1654683290.953907 -0.1162716 -4.5163388 -1.1328034 -0.0103669 -0.0008808 -0.0104954 0.9998908
1654683291.253285 -0.1090357 -4.5784655 -1.1567965 -0.0107482 -0.0005517 -0.0101246 0.9998909
1654683291.752791 -0.1073705 -4.6537175 -1.1868451 -0.0111282 -0.0003645 -0.0097927 0.9998901
1654683292.654301 -0.1024599 -4.7240667 -1.2146873 -0.0125987 0.0005649 -0.0100642 0.9998699
1654683297.654356 -0.1138260 -4.8238649 -1.0342306 -0.0156196 0.0004211 -0.0095731 0.9998321
1654683298.455116 -0.1217126 -4.8579435 -0.9416071 -0.0165109 0.0011283 -0.0111016 0.9998015
1654683299.054622 -0.1266211 -4.8901801 -0.8690296 -0.0167954 0.0005221 -0.0107449 0.9998011
1654683299.454004 -0.1305897 -4.9082685 -0.8188907 -0.0176635 0.0009479 -0.0111128 0.9997818
1654683300.154011 -0.1315989 -4.9418120 -0.7292947 -0.0182553 0.0008814 -0.0108461 0.9997742
1654683300.754018 -0.1391632 -4.9691744 -0.6509688 -0.0187133 0.0008874 -0.0119224 0.9997534
1654683301.854530 -0.1435511 -5.0228271 -0.5146188 -0.0198424 0.0005700 -0.0122439 0.9997280
1654683302.454911 -0.1432534 -5.0495777 -0.4364722 -0.0208623 0.0001898 -0.0107506 0.9997246
1654683303.054543 -0.1494025 -5.0780239 -0.3598793 -0.0214513 0.0000446 -0.0113559 0.9997054
1654683303.455173 -0.1554255 -5.0937686 -0.3077275 -0.0220540 0.0004472 -0.0124021 0.9996797
1654683304.155056 -0.1533815 -5.1273184 -0.2184007 -0.0231414 -0.0005747 -0.0096600 0.9996853
1654683304.954565 -0.1560538 -5.1660724 -0.1186165 -0.0245703 -0.0023546 -0.0071141 0.9996700
1654683305.754947 -0.1600532 -5.2021718 -0.0123535 -0.0257987 -0.0024743 -0.0068181 0.9996409
1654683306.654459 -0.1644782 -5.2406869 0.1100491 -0.0272614 -0.0026292 -0.0067158 0.9996023
1654683307.754096 -0.1756138 -5.2863307 0.2545241 -0.0291069 -0.0030588 -0.0072131 0.9995456
1654683309.253988 -0.1868587 -5.3278522 0.3551246 -0.0299359 -0.0034938 -0.0075224 0.9995174
1654683311.654266 -0.1822663 -5.4519835 0.2979650 -0.0279970 -0.0036023 -0.0072797 0.9995750
1654683312.853653 -0.1725362 -5.6172395 0.2214824 -0.0288394 -0.0029737 -0.0067849 0.9995567
1654683317.154077 0.0145495 -5.6268420 0.2365592 -0.0313612 0.0144571 -0.0062445 0.9993840
1654683317.953960 0.1694514 -5.6209373 0.2447870 -0.0321412 0.0288013 -0.0063290 0.9990482
1654683318.653844 0.3439888 -5.6188226 0.2465203 -0.0324699 0.0446282 -0.0051748 0.9984624
1654683319.453228 0.5276932 -5.6183896 0.2364606 -0.0329587 0.0616630 -0.0049240 0.9975406
1654683320.251862 0.7303255 -5.6116791 0.2286375 -0.0336010 0.0792736 -0.0037270 0.9962795
1654683320.950994 0.8945659 -5.6108117 0.2053188 -0.0345520 0.0942876 -0.0034565 0.9949392
1654683321.750379 1.0969242 -5.6161966 0.1660116 -0.0351676 0.1115179 -0.0025283 0.9931368
1654683322.251635 1.2174602 -5.6093764 0.1560884 -0.0353239 0.1219202 -0.0020939 0.9919089
1654683322.853015 1.3667471 -5.6029439 0.1363152 -0.0359522 0.1349265 -0.0017146 0.9902017
1654683323.353147 1.4935728 -5.6018386 0.1156279 -0.0360312 0.1456888 -0.0010902 0.9886736
1654683323.952778 1.6357149 -5.5920243 0.0934319 -0.0366017 0.1582327 -0.0008021 0.9867229
1654683324.253407 1.7111514 -5.5916610 0.0755807 -0.0366553 0.1642515 -0.0002951 0.9857372
1654683324.955164 1.8785967 -5.5810890 0.0386382 -0.0370481 0.1797854 0.0004336 0.9830079
1654683325.555171 2.0127039 -5.5777521 0.0045456 -0.0372902 0.1922390 0.0008145 0.9806390
1654683325.755548 2.0585971 -5.5741200 -0.0065581 -0.0374167 0.1964800 0.0009960 0.9797932
1654683326.355305 2.1987967 -5.5701957 -0.0426309 -0.0377657 0.2094100 0.0017091 0.9770969
1654683326.654558 2.2623262 -5.5659075 -0.0596970 -0.0379022 0.2158536 0.0018684 0.9756880
1654683326.954061 2.3258393 -5.5605140 -0.0776343 -0.0381757 0.2223981 0.0019177 0.9742064
1654683327.353441 2.4080772 -5.5588799 -0.1051499 -0.0383069 0.2307992 0.0023228 0.9722443
1654683327.653569 2.4717002 -5.5511541 -0.1256255 -0.0382820 0.2373253 0.0023002 0.9706729
1654683328.054574 2.5587468 -5.5475669 -0.1574356 -0.0386027 0.2459966 0.0027548 0.9684978
1654683328.355703 2.6149030 -5.5438442 -0.1819716 -0.0384446 0.2519987 0.0032466 0.9669582
1654683328.655831 2.6627603 -5.5417809 -0.2016191 -0.0385977 0.2570260 0.0032603 0.9656279
1654683333.153882 2.6355889 -5.6417007 -0.2421028 -0.0378655 0.2574309 0.0019016 0.9655526
1654683333.453759 2.6128349 -5.7369337 -0.2913639 -0.0344198 0.2562132 0.0028115 0.9660032
1654683333.853640 2.6130183 -5.7969613 -0.3156081 -0.0393065 0.2592542 0.0028973 0.9650046
1654683334.454396 2.5771606 -5.9341817 -0.3896730 -0.0345565 0.2575177 0.0040371 0.9656470
1654683335.253030 2.5864301 -5.9060459 -0.3638503 -0.0420728 0.2597099 0.0031150 0.9647648
1654683337.852560 2.4464824 -5.9426880 -0.3307889 -0.0376761 0.2438485 0.0026999 0.9690775
1654683338.453815 2.3797908 -5.9271412 -0.2927057 -0.0401863 0.2368498 0.0033995 0.9707089
1654683339.253950 2.2080240 -5.9366722 -0.2353604 -0.0405946 0.2191437 0.0021892 0.9748453
1654683339.854207 2.0248880 -5.9698677 -0.2033203 -0.0369491 0.1992291 0.0016774 0.9792547
1654683340.753468 1.7913924 -5.9904933 -0.1548352 -0.0372400 0.1790587 0.0014751 0.9831323
1654683341.854104 1.4537621 -6.0251660 -0.0848454 -0.0370156 0.1488990 -0.0011026 0.9881588
1654683343.754126 0.9144397 -6.0397286 -0.0181030 -0.0366451 0.0996099 -0.0027696 0.9943477
1654683346.251153 0.1970257 -6.0366588 0.0333860 -0.0337948 0.0321381 -0.0053400 0.9988977
1654683347.250415 -0.0835121 -6.0487342 -0.0023780 -0.0329352 0.0045431 -0.0062407 0.9994277
1654683348.050925 -0.3144259 -6.0576878 -0.0358512 -0.0319867 -0.0176981 -0.0068413 0.9993082
1654683349.052561 -0.6102172 -6.0674405 -0.0897035 -0.0311646 -0.0463787 -0.0080759 0.9984050
1654683349.453066 -0.7284068 -6.0696554 -0.1180728 -0.0314211 -0.0580348 -0.0087942 0.9977812
1654683350.153698 -0.9355962 -6.0813270 -0.1796149 -0.0302155 -0.0785008 -0.0092935 0.9964127
1654683350.953082 -1.1786996 -6.0827932 -0.2486926 -0.0295891 -0.1025698 -0.0106918 0.9942281
1654683351.453088 -1.3244925 -6.0842843 -0.2957079 -0.0291313 -0.1170978 -0.0108911 0.9926333
1654683351.852343 -1.4390341 -6.0900469 -0.3397501 -0.0289516 -0.1287751 -0.0111706 0.9911882
1654683352.350972 -1.5886323 -6.0959811 -0.4019503 -0.0280252 -0.1441377 -0.0120599 0.9890872
1654683352.850977 -1.7198949 -6.0933161 -0.4550567 -0.0275229 -0.1570224 -0.0133686 0.9871210
1654683353.653238 -1.8117944 -6.0997281 -0.5024286 -0.0272038 -0.1668566 -0.0137367 0.9855101
1654683362.055458 -1.6799469 -5.9445615 -0.7898590 -0.0235996 -0.1648031 -0.0115246 0.9859768
1654683364.353483 -1.5765920 -5.7893529 -1.0648839 -0.0186724 -0.1611605 -0.0157121 0.9866264
1654683366.452008 -1.4761289 -5.6375194 -1.3232660 -0.0160205 -0.1608984 -0.0157154 0.9867158
1654683368.553155 -1.3827192 -5.4889526 -1.5739378 -0.0136661 -0.1611072 -0.0139407 0.9867438
1654683370.053174 -1.3129272 -5.3875117 -1.7417456 -0.0125081 -0.1611925 -0.0123051 0.9867670
1654683371.654691 -1.2541610 -5.2710023 -1.9141978 -0.0106252 -0.1600342 -0.0133271 0.9869643
1654683373.754590 -1.1883575 -5.1533656 -2.0862517 -0.0089511 -0.1601040 -0.0132528 0.9869706
1654683375.155606 -1.2414252 -4.9470472 -1.9673589 -0.0144749 -0.1599510 -0.0157359 0.9868934
1654683376.454495 -1.2797700 -4.7383442 -1.8701961 -0.0136140 -0.1615381 -0.0153220 0.9866536
1654683377.655635 -1.3236718 -4.5136013 -1.7869983 -0.0105334 -0.1638457 -0.0149291 0.9863168
1654683378.955024 -1.3607889 -4.2719865 -1.7019138 -0.0086388 -0.1656146 -0.0151321 0.9860366
1654683379.554531 -1.3777380 -4.1735182 -1.6722312 -0.0076052 -0.1659476 -0.0153650 0.9859856
1654683380.654918 -1.3949730 -4.0440922 -1.6405727 -0.0062766 -0.1668676 -0.0154854 0.9858378
1654683381.754431 -1.4015949 -3.9667523 -1.6221901 -0.0052782 -0.1676248 -0.0155109 0.9857147
1654683382.255187 -1.4056722 -3.9345777 -1.6133183 -0.0052798 -0.1675671 -0.0154613 0.9857253
1654683385.855727 -1.4901708 -3.9204199 -1.6545012 -0.0043338 -0.1789511 -0.0159923 0.9837185
1654683386.754862 -1.6175249 -3.9275737 -1.7359729 -0.0032222 -0.1986702 -0.0163408 0.9799249
1654683386.955115 -1.6539018 -3.9275649 -1.7599305 -0.0034614 -0.2038267 -0.0162945 0.9788653
1654683387.454495 -1.7318050 -3.9304526 -1.8107327 -0.0027379 -0.2151415 -0.0164641 0.9764403
1654683388.153878 -1.8522965 -3.9323354 -1.8865851 -0.0021291 -0.2325326 -0.0172740 0.9724329
1654683388.453505 -1.8999840 -3.9338255 -1.9212961 -0.0016807 -0.2402003 -0.0173378 0.9705670
1654683388.853137 -1.9577781 -3.9353881 -1.9677558 -0.0015137 -0.2484806 -0.0177636 0.9684728
1654683389.153640 -2.0033453 -3.9375167 -2.0038841 -0.0009740 -0.2557936 -0.0174494 0.9665734
1654683389.555269 -2.0707397 -3.9357646 -2.0523064 -0.0006521 -0.2651983 -0.0185163 0.9640159
1654683390.055902 -2.1180274 -3.9353902 -2.0896907 -0.0004472 -0.2730916 -0.0181546 0.9618166
1654683390.954535 -2.2047582 -3.9388356 -2.1642992 0.0004010 -0.2867906 -0.0184715 0.9578151
1654683391.753669 -2.2766187 -3.9423280 -2.2389090 0.0010430 -0.2982408 -0.0194791 0.9542913
1654683392.755930 -2.3547349 -3.9410985 -2.3055782 0.0015611 -0.3103472 -0.0194859 0.9504223
1654683393.756067 -2.4298038 -3.9437122 -2.3839772 0.0020268 -0.3229046 -0.0202531 0.9462126
1654683394.455324 -2.4811685 -3.9458857 -2.4432437 0.0023218 -0.3320974 -0.0204410 0.9430208
1654683395.354335 -2.5531363 -3.9451332 -2.5196364 0.0032351 -0.3436213 -0.0210208 0.9388674
1654683395.655714 -2.5696387 -3.9458437 -2.5362141 0.0031710 -0.3465803 -0.0214182 0.9377704
1654683396.456223 -2.5838559 -3.9477386 -2.5554984 0.0033304 -0.3492199 -0.0211376 0.9367965
1654683397.756612 -2.6257842 -3.9500177 -2.6061218 0.0036041 -0.3563401 -0.0214574 0.9341030
1654683403.252175 -2.6309278 -3.9162264 -2.5901036 0.0025867 -0.3557177 -0.0220275 0.9343303
1654683403.953682 -2.6391988 -3.8681431 -2.5865786 0.0032436 -0.3561957 -0.0222179 0.9341416
1654683404.752441 -2.6481919 -3.8069763 -2.5770531 0.0044459 -0.3566970 -0.0214780 0.9339627
1654683405.053445 -2.6527233 -3.7799063 -2.5742352 0.0045431 -0.3567294 -0.0214210 0.9339511
1654683405.654077 -2.6622307 -3.7241395 -2.5679567 0.0053815 -0.3571047 -0.0215031 0.9338014
1654683406.153583 -2.6655984 -3.6808004 -2.5642719 0.0060381 -0.3576494 -0.0210608 0.9335989
1654683406.852966 -2.6777716 -3.6109631 -2.5518491 0.0065995 -0.3579179 -0.0210028 0.9334935
1654683407.454097 -2.6838195 -3.5474782 -2.5462363 0.0070789 -0.3581299 -0.0207306 0.9334148
1654683407.953227 -2.6921544 -3.4881749 -2.5403676 0.0076553 -0.3583243 -0.0205926 0.9333386
1654683408.252981 -2.6974154 -3.4495728 -2.5420527 0.0080398 -0.3583702 -0.0209911 0.9333090
1654683409.054740 -2.7092845 -3.3404622 -2.5363131 0.0094055 -0.3588188 -0.0211004 0.9331213
1654683409.354870 -2.7095926 -3.2997313 -2.5345004 0.0098440 -0.3593751 -0.0206822 0.9329121
1654683409.854875 -2.7148805 -3.2279484 -2.5308704 0.0104275 -0.3596068 -0.0202148 0.9328266
1654683410.254878 -2.7192848 -3.1661448 -2.5287352 0.0109815 -0.3598518 -0.0202176 0.9327258
1654683410.654633 -2.7217081 -3.1060951 -2.5265813 0.0115114 -0.3602178 -0.0199363 0.9325842
1654683411.254515 -2.7226162 -3.0106726 -2.5235271 0.0123185 -0.3608154 -0.0196087 0.9323497
1654683411.454392 -2.7229905 -2.9770880 -2.5267699 0.0125968 -0.3609419 -0.0195598 0.9322981
1654683411.754897 -2.7218249 -2.9277308 -2.5248954 0.0132025 -0.3614586 -0.0193451 0.9320940
1654683412.055025 -2.7241986 -2.8760929 -2.5216939 0.0136034 -0.3615795 -0.0190965 0.9320464
1654683412.254901 -2.7257130 -2.8442776 -2.5196867 0.0138446 -0.3618970 -0.0188263 0.9319251
1654683412.554656 -2.7267587 -2.7909102 -2.5217102 0.0144135 -0.3621069 -0.0189730 0.9318320
1654683412.854033 -2.7262025 -2.7395988 -2.5264776 0.0151502 -0.3621051 -0.0187357 0.9318258
1654683412.953911 -2.7267413 -2.7225444 -2.5243049 0.0150936 -0.3624693 -0.0184953 0.9316900
1654683413.154162 -2.7270803 -2.6863003 -2.5256717 0.0154180 -0.3624216 -0.0183183 0.9317067
1654683413.354039 -2.7277174 -2.6528528 -2.5248103 0.0155933 -0.3628342 -0.0181463 0.9315465
1654683413.553792 -2.7272668 -2.6181662 -2.5247269 0.0159249 -0.3628016 -0.0178777 0.9315588
1654683413.754044 -2.7263834 -2.5822732 -2.5277574 0.0163186 -0.3632055 -0.0181388 0.9313895
1654683413.854419 -2.7261624 -2.5643167 -2.5277324 0.0165260 -0.3632509 -0.0179647 0.9313716
1654683414.055047 -2.7246470 -2.5295973 -2.5302980 0.0168884 -0.3632974 -0.0177974 0.9313501
1654683414.155798 -2.7244461 -2.5118413 -2.5303407 0.0170268 -0.3636025 -0.0178897 0.9312268
1654683414.256050 -2.7233598 -2.4941454 -2.5314834 0.0171723 -0.3636465 -0.0177993 0.9312087
1654683414.456302 -2.7226908 -2.4560206 -2.5350976 0.0177243 -0.3635820 -0.0177543 0.9312243
1654683414.656554 -2.7209954 -2.4210134 -2.5355027 0.0178156 -0.3639385 -0.0174451 0.9310892
1654683414.856431 -2.7203851 -2.3868687 -2.5338080 0.0178233 -0.3641172 -0.0172228 0.9310233
1654683415.056184 -2.7187974 -2.3496819 -2.5361803 0.0180737 -0.3645535 -0.0171802 0.9308485
1654683415.256061 -2.7163553 -2.3131835 -2.5408003 0.0184684 -0.3645409 -0.0170507 0.9308481
1654683415.355937 -2.7146959 -2.2951126 -2.5405743 0.0185183 -0.3649575 -0.0170695 0.9306834
1654683415.455813 -2.7152154 -2.2771444 -2.5399423 0.0185916 -0.3650077 -0.0170748 0.9306623
1654683415.655316 -2.7129316 -2.2396615 -2.5407579 0.0186473 -0.3650987 -0.0167691 0.9306310
1654683415.855067 -2.7075295 -2.2025750 -2.5444849 0.0189369 -0.3656075 -0.0165328 0.9304296
1654683416.055320 -2.7034965 -2.1676073 -2.5497308 0.0189377 -0.3655681 -0.0163584 0.9304482
1654683416.255198 -2.7027636 -2.1284018 -2.5519130 0.0191612 -0.3659427 -0.0162867 0.9302976
1654683416.554450 -2.7000575 -2.0712173 -2.5592060 0.0195675 -0.3661436 -0.0163917 0.9302082
1654683416.653953 -2.6953816 -2.0544188 -2.5600374 0.0194305 -0.3663628 -0.0161181 0.9301296
1654683416.854330 -2.6925030 -2.0147724 -2.5635569 0.0197727 -0.3663606 -0.0160210 0.9301249
1654683417.054455 -2.6894546 -1.9770440 -2.5691705 0.0198658 -0.3666738 -0.0160354 0.9299992
1654683417.254333 -2.6864552 -1.9365227 -2.5755470 0.0200913 -0.3665082 -0.0159125 0.9300618
1654683417.354710 -2.6847060 -1.9168904 -2.5781360 0.0202041 -0.3667822 -0.0160290 0.9299493
1654683417.554088 -2.6797111 -1.8762953 -2.5822186 0.0204447 -0.3668131 -0.0157982 0.9299358
1654683417.654088 -2.6767731 -1.8567276 -2.5873334 0.0206421 -0.3668181 -0.0158723 0.9299282
1654683417.853965 -2.6735656 -1.8150630 -2.5932109 0.0206689 -0.3671581 -0.0157879 0.9297949
1654683418.154844 -2.6645966 -1.7567444 -2.6041799 0.0209118 -0.3674502 -0.0160246 0.9296700
1654683418.856353 -2.6593075 -1.7350804 -2.6102865 0.0221929 -0.3675984 -0.0150341 0.9295983
1654683420.756124 -2.6401455 -1.7293363 -2.5883999 0.0213761 -0.3645587 -0.0152353 0.9308104
1654683420.956876 -2.6105909 -1.7374698 -2.5585063 0.0216754 -0.3591714 -0.0145481 0.9329064
1654683421.356755 -2.5669718 -1.7324040 -2.5070341 0.0207595 -0.3520137 -0.0150892 0.9356430
1654683421.556632 -2.5498290 -1.7376515 -2.4923847 0.0210066 -0.3490721 -0.0139469 0.9367566
1654683421.857387 -2.5088758 -1.7326075 -2.4504929 0.0203814 -0.3422013 -0.0144739 0.9392941
1654683422.158514 -2.4500887 -1.7396579 -2.3907857 0.0205363 -0.3332353 -0.0136367 0.9425215
1654683422.458894 -2.4079115 -1.7338710 -2.3503025 0.0199833 -0.3261611 -0.0140895 0.9449980
1654683422.758646 -2.3673050 -1.7386695 -2.3097301 0.0200499 -0.3206965 -0.0125999 0.9468860
1654683422.958648 -2.3320885 -1.7347157 -2.2730567 0.0193799 -0.3147431 -0.0131815 0.9488875
1654683423.158525 -2.2933528 -1.7340633 -2.2375708 0.0192274 -0.3083698 -0.0130508 0.9509827
1654683423.358527 -2.2595792 -1.7362465 -2.2063558 0.0196208 -0.3030669 -0.0126005 0.9526839
1654683423.458405 -2.2437406 -1.7352707 -2.1937406 0.0190320 -0.3003422 -0.0125920 0.9535585
1654683423.558406 -2.2293808 -1.7322330 -2.1799467 0.0188234 -0.2983350 -0.0129371 0.9541879
1654683423.757908 -2.1971166 -1.7339489 -2.1531987 0.0187395 -0.2934844 -0.0122576 0.9557016
1654683423.857784 -2.1800745 -1.7362663 -2.1385407 0.0187776 -0.2909301 -0.0121892 0.9564824
1654683424.057286 -2.1412933 -1.7334058 -2.1048849 0.0184058 -0.2851923 -0.0121207 0.9582170
1654683424.358041 -2.0873697 -1.7333809 -2.0615609 0.0182275 -0.2768547 -0.0121279 0.9606624
1654683424.558293 -2.0493400 -1.7347568 -2.0333095 0.0179901 -0.2714634 -0.0114114 0.9622129
1654683424.658293 -2.0320199 -1.7306145 -2.0172696 0.0177463 -0.2689914 -0.0119060 0.9629055
1654683424.857795 -1.9940354 -1.7300458 -1.9890745 0.0175218 -0.2635039 -0.0116178 0.9644293
1654683425.057672 -1.9586747 -1.7318590 -1.9618208 0.0175232 -0.2579587 -0.0113642 0.9659302
1654683425.157175 -1.9415169 -1.7308081 -1.9483011 0.0173947 -0.2555126 -0.0114655 0.9665813
1654683425.257174 -1.9237401 -1.7290927 -1.9345065 0.0170762 -0.2525508 -0.0114924 0.9673647
1654683425.556927 -1.8668866 -1.7302624 -1.8972466 0.0171147 -0.2445327 -0.0110035 0.9694276
1654683425.757180 -1.8274237 -1.7284445 -1.8716265 0.0168055 -0.2387369 -0.0110492 0.9708760
1654683425.957557 -1.7901577 -1.7261837 -1.8466517 0.0164240 -0.2333499 -0.0112641 0.9721889
1654683426.057559 -1.7703747 -1.7283757 -1.8351830 0.0164186 -0.2304289 -0.0107950 0.9728907
1654683426.257312 -1.7303324 -1.7290630 -1.8103942 0.0162433 -0.2251716 -0.0107340 0.9741246
1654683426.456814 -1.6905494 -1.7267244 -1.7868800 0.0157016 -0.2197781 -0.0107101 0.9753647
1654683426.656192 -1.6510085 -1.7284850 -1.7637200 0.0157568 -0.2144154 -0.0103022 0.9765611
1654683426.756192 -1.6335614 -1.7273766 -1.7501634 0.0158463 -0.2116731 -0.0102066 0.9771587
1654683427.056821 -1.5717859 -1.7233564 -1.7142596 0.0152440 -0.2034346 -0.0103609 0.9789150
1654683427.357074 -1.5123353 -1.7247500 -1.6773554 0.0151906 -0.1946487 -0.0097359 0.9807070
1654683427.557076 -1.4721756 -1.7216461 -1.6562297 0.0146766 -0.1895543 -0.0099199 0.9817104
1654683427.656953 -1.4514840 -1.7204298 -1.6471866 0.0145745 -0.1865097 -0.0096733 0.9822974
1654683427.757328 -1.4298284 -1.7208846 -1.6352805 0.0146784 -0.1839590 -0.0094956 0.9827784
1654683427.957956 -1.3887295 -1.7225053 -1.6131406 0.0143457 -0.1789437 -0.0092739 0.9837110
1654683428.359461 -1.3051385 -1.7181201 -1.5722393 0.0140974 -0.1675607 -0.0091023 0.9857190
1654683428.459837 -1.2821264 -1.7174184 -1.5609504 0.0141841 -0.1645942 -0.0086816 0.9862212
1654683428.659964 -1.2389703 -1.7142454 -1.5416216 0.0138376 -0.1593545 -0.0088614 0.9870847
1654683428.859842 -1.1970781 -1.7129244 -1.5230099 0.0136636 -0.1533336 -0.0085754 0.9880428
1654683429.159718 -1.1323133 -1.7140950 -1.4961754 0.0131768 -0.1456341 -0.0083815 0.9892153
1654683429.359596 -1.0854332 -1.7114128 -1.4779565 0.0129041 -0.1399405 -0.0082668 0.9900413
1654683429.559099 -1.0400382 -1.7125975 -1.4604130 0.0127113 -0.1341230 -0.0080532 0.9908504
1654683429.758976 -0.9918839 -1.7102194 -1.4421010 0.0124919 -0.1284506 -0.0078332 0.9916064
1654683429.958478 -0.9467648 -1.7070879 -1.4230922 0.0123084 -0.1232516 -0.0077660 0.9922687
1654683430.058480 -0.9212000 -1.7083453 -1.4143747 0.0122340 -0.1204201 -0.0073822 0.9926202
1654683430.258732 -0.8767396 -1.7074193 -1.3981773 0.0120730 -0.1150940 -0.0072406 0.9932549
1654683430.358608 -0.8544011 -1.7073718 -1.3887831 0.0115880 -0.1122535 -0.0071431 0.9935864
1654683430.558861 -0.8054127 -1.7057949 -1.3720796 0.0114028 -0.1060686 -0.0068326 0.9942700
1654683430.858738 -0.7301224 -1.7036971 -1.3479785 0.0113002 -0.0971747 -0.0068581 0.9951796
1654683430.958615 -0.7058209 -1.7029847 -1.3396958 0.0109760 -0.0941117 -0.0066603 0.9954789
1654683431.158868 -0.6583387 -1.7004118 -1.3236052 0.0108996 -0.0886655 -0.0067216 0.9959792
1654683431.359119 -0.6109222 -1.7004745 -1.3129522 0.0107911 -0.0823610 -0.0061396 0.9965252
1654683431.458996 -0.5877463 -1.6997393 -1.3054206 0.0104931 -0.0799349 -0.0062081 0.9967256
1654683431.658874 -0.5398070 -1.6970205 -1.2932637 0.0101908 -0.0740507 -0.0061473 0.9971835
1654683431.858750 -0.4922098 -1.6977025 -1.2835017 0.0100997 -0.0680090 -0.0057388 0.9976171
1654683432.059004 -0.4447245 -1.6958358 -1.2711343 0.0096646 -0.0619002 -0.0056416 0.9980196
1654683432.159254 -0.4209311 -1.6933117 -1.2651331 0.0097936 -0.0590187 -0.0056637 0.9981928
1654683432.359632 -0.3723273 -1.6930624 -1.2544533 0.0096599 -0.0540836 -0.0054849 0.9984747
1654683432.559384 -0.3301604 -1.6918776 -1.2472074 0.0094108 -0.0480737 -0.0051001 0.9987864
1654683432.758759 -0.2913968 -1.6892196 -1.2391083 0.0091459 -0.0439756 -0.0052849 0.9989768
1654683432.958513 -0.2590965 -1.6883689 -1.2338731 0.0092863 -0.0393735 -0.0049197 0.9991693
1654683433.457393 -0.1965729 -1.6862152 -1.2247458 0.0088922 -0.0325247 -0.0049026 0.9994193
1654683433.658020 -0.1653742 -1.6858004 -1.2195321 0.0088154 -0.0283289 -0.0044101 0.9995501
1654683434.259402 -0.0822061 -1.6819909 -1.2099953 0.0085210 -0.0181863 -0.0043310 0.9997889
1654683434.558906 -0.0454833 -1.6801515 -1.2046016 0.0082745 -0.0139703 -0.0045000 0.9998581
1654683434.858159 -0.0162353 -1.6789547 -1.2014232 0.0084131 -0.0103010 -0.0043006 0.9999023
1654683435.057537 -0.0064003 -1.6783184 -1.2000648 0.0081423 -0.0087847 -0.0045536 0.9999179
1654683436.358427 -0.0146104 -1.6481799 -1.2090065 0.0086368 -0.0103563 -0.0036632 0.9999024
1654683436.557804 -0.0270266 -1.5978744 -1.2121242 0.0055519 -0.0112613 -0.0047882 0.9999097
1654683436.757680 -0.0254988 -1.5757339 -1.2245440 0.0083539 -0.0123209 -0.0034538 0.9998832
1654683436.957432 -0.0184243 -1.5407124 -1.2289793 0.0079617 -0.0109049 -0.0036891 0.9999021
1654683437.057684 -0.0179764 -1.5148952 -1.2316266 0.0070461 -0.0107207 -0.0043072 0.9999084
1654683437.359062 -0.0180397 -1.4677953 -1.2468064 0.0079952 -0.0113930 -0.0036490 0.9998965
1654683437.559689 -0.0245372 -1.4334418 -1.2572488 0.0080154 -0.0122460 -0.0033145 0.9998874
1654683437.660065 -0.0295034 -1.4104141 -1.2618929 0.0073985 -0.0128248 -0.0040512 0.9998822
1654683437.960195 -0.0242445 -1.3637184 -1.2749848 0.0080973 -0.0122371 -0.0033282 0.9998868
1654683438.160073 -0.0218409 -1.3282248 -1.2824765 0.0074446 -0.0120043 -0.0034798 0.9998942
1654683438.259948 -0.0237121 -1.3098391 -1.2875506 0.0070680 -0.0123017 -0.0039074 0.9998918
1654683438.359450 -0.0249078 -1.2930309 -1.2899414 0.0069719 -0.0123980 -0.0039068 0.9998912
1654683438.459326 -0.0270502 -1.2824439 -1.2948142 0.0072843 -0.0125460 -0.0035738 0.9998884
1654683438.758579 -0.0326590 -1.2535640 -1.3066407 0.0077091 -0.0136956 -0.0030309 0.9998719
1654683438.858079 -0.0316117 -1.2410680 -1.3077240 0.0073393 -0.0133141 -0.0032797 0.9998791
1654683439.057832 -0.0264635 -1.2229620 -1.3124026 0.0074284 -0.0129998 -0.0035211 0.9998817
1654683439.357960 -0.0269562 -1.1916151 -1.3196940 0.0075897 -0.0131249 -0.0034205 0.9998792
1654683439.458337 -0.0295879 -1.1816152 -1.3236744 0.0071779 -0.0136331 -0.0033755 0.9998756
1654683439.658839 -0.0327043 -1.1642308 -1.3314958 0.0073335 -0.0139695 -0.0029395 0.9998713
1654683439.858591 -0.0313793 -1.1434997 -1.3361504 0.0070287 -0.0138341 -0.0031742 0.9998746
1654683439.958842 -0.0295156 -1.1316317 -1.3376377 0.0069103 -0.0135091 -0.0032982 0.9998794
1654683440.058218 -0.0281635 -1.1207931 -1.3399584 0.0068338 -0.0133293 -0.0033059 0.9998823
1654683440.357471 -0.0315246 -1.0914098 -1.3509727 0.0066799 -0.0141521 -0.0030992 0.9998727
1654683440.657226 -0.0334561 -1.0592561 -1.3615717 0.0062312 -0.0144549 -0.0030378 0.9998715
1654683441.158730 -0.0316527 -1.0065708 -1.3769681 0.0055319 -0.0143985 -0.0029914 0.9998766
1654683441.559612 -0.0343299 -0.9639735 -1.3916992 0.0052420 -0.0145771 -0.0028349 0.9998760
1654683442.358745 -0.0354079 -0.9210492 -1.4062023 0.0048490 -0.0149987 -0.0028485 0.9998717
1654683442.959752 -0.0350560 -0.8920627 -1.4154053 0.0041722 -0.0150412 -0.0028360 0.9998742
1654683443.360256 -0.0346376 -0.8551551 -1.4278697 0.0035573 -0.0151920 -0.0026995 0.9998747
1654683445.259903 -0.0372231 -0.8373415 -1.4223768 0.0020409 -0.0151398 -0.0036104 0.9998768
1654683447.258676 -0.0433246 -0.7544740 -1.2283831 0.0035893 -0.0148320 -0.0019600 0.9998816
1654683448.458189 -0.0479808 -0.6754202 -1.0619619 0.0019866 -0.0151282 -0.0011324 0.9998829
1654683449.456701 -0.0540311 -0.6052315 -0.9259613 0.0007042 -0.0151214 -0.0015518 0.9998842
1654683451.356597 -0.0683437 -0.4797313 -0.6674774 0.0008872 -0.0155868 -0.0019882 0.9998761
1654683452.854741 -0.0819942 -0.3696648 -0.4615741 -0.0000755 -0.0167119 -0.0039264 0.9998527
1654683454.755512 -0.0869836 -0.2500381 -0.2214140 -0.0012989 -0.0164180 -0.0033636 0.9998587
